0
1
submesh_0
1
1
tlou2_0
0
561
0.149450 0.560996 0.112545
0.039252 0.981306 0.188411
0 0 0 0
0.078453 0.127359
2 5 0 0
0.972784 0.027216 0 0
0.156500 0.562277 0.080165
0.220664 0.953584 0.204902
0 0 0 0
0.109703 0.134024
2 5 0 0
0.887024 0.112976 0 0
0.146630 0.567398 0.062357
-0.220009 0.958611 0.180722
0 0 0 0
0.123392 0.140228
2 5 0 0
0.827323 0.172677 0 0
0.160731 0.522590 0.051024
-0.172955 -0.943392 -0.283018
0 0 0 0
0.138326 0.069449
2 5 0 0
0.76998 0.23002 0 0
0.181881 0.527711 0.072070
0.85198 -0.520654 -0.055221
0 0 0 0
0.12436 0.077952
2 5 0 0
0.829175 0.170825 0 0
0.164961 0.507227 0.104450
0.211747 -0.933255 -0.290172
0 0 0 0
0.09228 0.044401
2 5 0 0
0.941356 0.058644 0 0
0.183291 0.577639 -0.005641
0.990255 0.133606 -0.039296
0 0 0 0
0.198753 0.157004
2 5 0 0
0.463892 0.536108 0 0
0.179061 0.562277 0.055881
0.679529 0.679529 0.276552
0 0 0 0
0.139986 0.133794
2 5 0 0
0.769158 0.230842 0 0
0.172011 0.526431 0.042929
0.455691 -0.832815 -0.31427
0 0 0 0
0.14925 0.076343
2 5 0 0
0.714799 0.285201 0 0
0.153680 0.573799 0.054262
-0.188144 0.940721 0.282216
0 0 0 0
0.135146 0.148272
2 5 0 0
0.783729 0.216271 0 0
0.167781 0.590441 0.007311
0.126035 0.834982 0.535649
0 0 0 0
0.188106 0.175158
2 5 0 0
0.524292 0.475708 0 0
0.160731 0.531552 0.025120
-0.094327 -0.958996 -0.267261
0 0 0 0
0.167364 0.083467
2 5 0 0
0.64158 0.35842 0 0
0.176241 0.543073 -0.005641
0.787621 -0.614345 -0.047257
0 0 0 0
0.199583 0.10369
2 5 0 0
0.455813 0.544187 0 0
0.159321 0.539233 -0.057448
-0.055028 -0.998361 -0.015722
0 0 0 0
0.253925 0.094038
2 5 0 0
0.233276 0.766724 0 0
0.173421 0.546914 -0.047734
0.951106 -0.298695 -0.078604
0 0 0 0
0.239821 0.110354
2 5 0 0
0.257644 0.742356 0 0
0.170601 0.601963 -0.026688
0.520137 0.851133 0.070928
0 0 0 0
0.221983 0.197679
2 5 0 0
0.336652 0.663348 0 0
0.164961 0.607084 -0.078495
0.900406 0.41861 -0.118474
0 0 0 0
0.270795 0.205952
2 5 0 0
0.120283 0.879717 0 0
0.169191 0.564837 -0.078495
0.922835 -0.070987 -0.378599
0 0 0 0
0.267891 0.141607
2 5 0 0
0.128754 0.871246 0 0
0.140990 0.537953 -0.088209
-0.039335 -0.999102 0.015734
0 0 0 0
0.291675 0.100702
2 5 0 0
0.116908 0.883092 0 0
0.159321 0.601963 -0.015355
-0.221125 0.829217 0.513325
0 0 0 0
0.212442 0.19676
2 5 0 0
0.393402 0.606598 0 0
0.157911 0.608364 -0.049353
0.35454 0.874531 0.330904
0 0 0 0
0.247011 0.210548
2 5 0 0
0.232603 0.767397 0 0
0.131120 0.596842 -0.140017
0.684509 -0.086547 -0.723849
0 0 0 0
0.333987 0.189406
5 0 0 0
1 0 0 0
0.111379 0.555876 -0.148112
0.503812 -0.275522 -0.818695
0 0 0 0
0.351825 0.12644
5 0 0 0
1 0 0 0
0.145220 0.625007 -0.075257
0.651687 0.675242 0.345473
0 0 0 0
0.277156 0.238354
2 5 0 0
0.108928 0.891072 0 0
0.131120 0.655732 -0.117351
0.8992 0.362835 -0.244519
0 0 0 0
0.318915 0.287762
2 5 0 0
0.003441 0.996558 0 0
0.100099 0.535392 -0.128684
-0.188533 -0.981941 0.015711
0 0 0 0
0.349889 0.094268
2 5 0 0
0.00539 0.99461 0 0
0.102919 0.658293 -0.157825
0.67826 0.157735 -0.717693
0 0 0 0
0.363578 0.292817
5 0 0 0
1 0 0 0
0.076128 0.665974 -0.178872
0.525527 0.180405 -0.83143
0 0 0 0
0.390542 0.304308
5 0 0 0
1 0 0 0
0.077538 0.541793 -0.138398
-0.078845 -0.985567 -0.149806
0 0 0 0
0.373949 0.103
5 0 0 0
1 0 0 0
0.047928 0.573799 -0.183729
0.354925 -0.402249 -0.843934
0 0 0 0
0.415847 0.155166
5 0 0 0
1 0 0 0
0.131120 0.655732 -0.083352
0.970039 0.141957 0.197162
0 0 0 0
0.294717 0.289141
2 5 0 0
0.027603 0.972397 0 0
0.136760 0.686458 -0.080114
0.97662 -0.212651 0.031504
0 0 0 0
0.286558 0.339697
5 0 0 0
1 0 0 0
0.119840 0.713342 -0.131922
0.777554 0.102103 -0.620472
0 0 0 0
0.337444 0.385428
5 0 0 0
1 0 0 0
0.029597 0.706941 -0.172396
0.086644 0.543492 -0.83493
0 0 0 0
0.429812 0.373019
5 0 0 0
1 0 0 0
0.040877 0.648051 -0.195062
0.149974 0.063147 -0.986671
0 0 0 0
0.423452 0.276501
5 0 0 0
1 0 0 0
0.136760 0.625007 -0.065543
0.487509 0.542551 0.684086
0 0 0 0
0.272592 0.237435
2 5 0 0
0.12971 0.87029 0 0
0.139580 0.613485 -0.057448
-0.10279 0.59302 0.7986
0 0 0 0
0.262222 0.218821
2 5 0 0
0.185557 0.814443 0 0
0.028187 0.534112 -0.148112
0.102528 -0.962182 -0.252376
0 0 0 0
0.4276 0.090821
5 0 0 0
1 0 0 0
-0.004244 0.543073 -0.169158
-0.070687 -0.793262 -0.604764
0 0 0 0
0.461754 0.108286
5 0 0 0
1 0 0 0
-0.004244 0.585321 -0.196681
-0.07097 -0.197138 -0.977804
0 0 0 0
0.460095 0.17286
5 0 0 0
1 0 0 0
-0.004244 0.685177 -0.188586
-0.063133 0.378799 -0.923323
0 0 0 0
0.460648 0.334871
5 0 0 0
1 0 0 0
0.066258 0.732545 -0.154588
0.181029 0.212513 -0.960243
0 0 0 0
0.39151 0.417371
5 0 0 0
1 0 0 0
-0.001424 0.736386 -0.152969
-0.047351 0.520865 -0.852325
0 0 0 0
0.459542 0.422426
5 0 0 0
1 0 0 0
0.142400 0.735106 -0.084971
0.981306 0.039252 -0.188411
0 0 0 0
0.288909 0.421047
5 0 0 0
1 0 0 0
0.117019 0.778633 -0.115732
0.679869 0.490138 -0.545476
0 0 0 0
0.328594 0.489299
5 0 0 0
1 0 0 0
0.090229 0.768391 -0.144874
0.314027 0.471041 -0.824322
0 0 0 0
0.365652 0.470225
5 0 0 0
1 0 0 0
-0.001424 0.776073 -0.146493
-0.205266 0.173687 -0.963171
0 0 0 0
0.459127 0.486311
5 0 0 0
1 0 0 0
-0.004244 0.531552 -0.125446
-0.039442 -0.993946 -0.10255
0 0 0 0
0.463552 0.085995
5 0 0 0
1 0 0 0
0.056388 0.818320 -0.086590
0.117935 0.974928 -0.188696
0 0 0 0
0.367726 0.552495
5 0 0 0
1 0 0 0
-0.001424 0.802957 -0.125446
0.015711 0.777697 -0.628442
0 0 0 0
0.46051 0.530204
5 0 0 0
1 0 0 0
0.143810 0.776073 -0.016974
0.87047 0.490629 -0.039567
0 0 0 0
0.216314 0.486541
3 5 0 0
0.050585 0.949415 0 0
0.108559 0.800397 -0.088209
0.478877 0.847848 -0.227663
0 0 0 0
0.314767 0.523539
5 0 0 0
1 0 0 0
0.138170 0.717183 -0.038021
0.84252 -0.519685 0.141732
0 0 0 0
0.243001 0.391173
3 5 0 0
0.003155 0.996845 0 0
-0.002834 0.820880 -0.097923
0.015744 0.889543 -0.45658
0 0 0 0
0.465073 0.562146
5 0 0 0
1 0 0 0
0.108559 0.799116 0.013787
0.125677 0.973996 0.188515
0 0 0 0
0.177597 0.522161
3 5 0 0
0.077995 0.922005 0 0
0.088819 0.805518 -0.046115
-0.007868 0.98346 0.180957
0 0 0 0
0.284208 0.536408
5 0 0 0
1 0 0 0
-0.002834 0.823441 -0.088209
0.173633 0.970764 0.16574
0 0 0 0
0.466732 0.566513
5 0 0 0
1 0 0 0
0.105739 0.802957 0.052643
0.228851 0.95486 -0.189394
0 0 0 0
0.114819 0.532961
3 5 0 0
0.25539 0.74461 0 0
0.128300 0.796556 0.073689
0.59252 0.797927 -0.110604
0 0 0 0
0.102236 0.520552
3 5 0 0
0.36988 0.63012 0 0
0.150860 0.756869 0.042929
0.993606 -0.047315 -0.102515
0 0 0 0
0.144272 0.457356
3 5 0 0
0.362563 0.637437 0 0
0.129710 0.717183 -0.007260
0.623654 -0.734175 0.268408
0 0 0 0
0.207188 0.391633
3 5 0 0
0.059217 0.940783 0 0
0.114199 0.687738 -0.038021
0.651929 -0.581238 0.486983
0 0 0 0
0.254478 0.341536
5 0 0 0
1 0 0 0
0.108559 0.805518 0.081784
-0.007896 0.963261 0.26845
0 0 0 0
0.080527 0.532042
3 5 0 0
0.422376 0.577624 0 0
0.155090 0.774792 0.122259
0.758947 0.56921 0.316228
0 0 0 0
0.072507 0.481026
3 5 0 0
0.746654 0.253346 0 0
0.156500 0.765831 0.081784
0.949465 0.188324 -0.251098
0 0 0 0
0.105417 0.469766
3 5 0 0
0.591261 0.408739 0 0
0.118429 0.715902 0.010549
0.133618 -0.919608 0.369415
0 0 0 0
0.182436 0.391403
3 5 0 0
0.114158 0.885842 0 0
0.107149 0.689018 -0.028307
0.292602 -0.680102 0.672194
0 0 0 0
0.244799 0.343834
5 0 0 0
1 0 0 0
0.148040 0.756869 0.072070
0.714369 -0.698668 0.039251
0 0 0 0
0.11316 0.457356
3 5 0 0
0.554652 0.445348 0 0
0.148040 0.744067 0.054262
0.845645 -0.474194 0.245
0 0 0 0
0.133072 0.440121
3 5 0 0
0.412952 0.587048 0 0
0.095869 0.680056 -0.031545
0.196449 -0.447903 0.872233
0 0 0 0
0.257105 0.327977
5 0 0 0
1 0 0 0
0.105739 0.668535 -0.041259
0.60628 -0.157475 0.779503
0 0 0 0
0.264711 0.309133
2 5 0 0
0.005953 0.994047 0 0
0.156500 0.754309 0.131973
0.976257 -0.204699 -0.070857
0 0 0 0
0.067114 0.453679
3 5 0 0
0.849447 0.150553 0 0
0.148040 0.749188 0.112545
0.274757 -0.949875 -0.149154
0 0 0 0
0.076378 0.446326
3 5 0 0
0.80532 0.19468 0 0
0.148040 0.754309 0.151401
0.517524 0.564571 0.642984
0 0 0 0
0.051074 0.450922
3 5 0 0
0.889322 0.110678 0 0
0.118429 0.787594 0.123878
-0.07875 0.881999 0.464625
0 0 0 0
0.050106 0.504925
3 5 0 0
0.665861 0.334139 0 0
0.108559 0.793996 0.102831
-0.541697 0.706562 0.45534
0 0 0 0
0.0602 0.518024
3 5 0 0
0.565944 0.434056 0 0
0.115609 0.731265 0.046167
-0.173202 -0.810898 0.558969
0 0 0 0
0.133072 0.4176
3 5 0 0
0.303335 0.696665 0 0
0.138170 0.754309 0.072070
0.22127 -0.774443 0.592686
0 0 0 0
0.109703 0.45322
3 5 0 0
0.554069 0.445931 0 0
0.129710 0.755589 0.083403
-0.275625 -0.960749 0.0315
0 0 0 0
0.093248 0.455977
3 5 0 0
0.621635 0.378365 0 0
0.095869 0.657013 -0.038021
0.275454 0.047221 0.960154
0 0 0 0
0.264434 0.291209
2 5 0 0
0.007824 0.992176 0 0
0.149450 0.724864 0.170829
0.818796 0.244064 0.519621
0 0 0 0
0.040288 0.403812
3 5 0 0
0.982154 0.017846 0 0
0.149450 0.736386 0.143306
0.581956 -0.64487 -0.495449
0 0 0 0
0.056052 0.421277
3 5 0 0
0.942078 0.057922 0 0
0.117019 0.745347 0.164353
-0.45658 0.45658 0.76359
0 0 0 0
0.023972 0.435525
3 5 0 0
0.933172 0.066828 0 0
0.118429 0.754309 0.159496
-0.331408 0.505003 0.796957
0 0 0 0
0.026737 0.450003
3 5 0 0
0.901648 0.098352 0 0
0.111379 0.772232 0.138449
-0.660517 0.518978 0.542568
0 0 0 0
0.033236 0.482405
3 5 0 0
0.794235 0.205765 0 0
0.108559 0.782474 0.123878
-0.67639 0.637065 0.369655
0 0 0 0
0.043054 0.498261
3 5 0 0
0.707083 0.292917 0 0
0.108559 0.749188 0.062357
-0.322795 -0.677081 0.661335
0 0 0 0
0.105278 0.443798
3 5 0 0
0.422989 0.577011 0 0
0.119840 0.760710 0.080165
-0.449684 -0.844144 0.2919
0 0 0 0
0.089515 0.462182
3 5 0 0
0.589404 0.410596 0 0
0.148040 0.715902 0.164353
0.880145 -0.157169 -0.447931
0 0 0 0
0.042777 0.387496
3 5 0 0
0.995101 0.004899 0 0
0.139580 0.704381 0.161115
0.338279 -0.369747 -0.865364
0 0 0 0
0.039597 0.370261
3 0 0 0
1 0 0 0
0.111379 0.754309 0.151401
-0.793262 0.306309 0.526223
0 0 0 0
0.025493 0.452071
3 5 0 0
0.897902 0.102098 0 0
0.111379 0.745347 0.153020
-0.996638 -0.023543 0.078475
0 0 0 0
0.024663 0.438512
3 5 0 0
0.929287 0.070713 0 0
-0.112817 0.694139 0.183780
0.535649 0.126035 0.834982
0 0 0 0
0.459542 0.7561
4 0 0 0
1 0 0 0
-0.107177 0.694139 0.174067
0.990286 -0.102172 0.094313
0 0 0 0
0.45885 0.757249
4 0 0 0
1 0 0 0
-0.114227 0.703100 0.182162
0.425105 0.20468 0.881699
0 0 0 0
0.457606 0.771726
4 0 0 0
1 0 0 0
-0.115637 0.680056 0.182162
0.346844 -0.780399 0.520266
0 0 0 0
0.457053 0.734498
4 0 0 0
1 0 0 0
-0.125507 0.678776 0.172448
0.047319 -0.875401 -0.481076
0 0 0 0
0.447097 0.733119
4 0 0 0
1 0 0 0
-0.114227 0.694139 0.165972
0.52945 -0.363503 -0.766517
0 0 0 0
0.45083 0.757479
4 0 0 0
1 0 0 0
-0.105766 0.724864 0.167591
0.855303 0.298179 0.423728
0 0 0 0
0.457468 0.807116
4 5 0 0
0.984296 0.015704 0 0
-0.105766 0.753029 0.151401
0.996638 -0.023543 0.078475
0 0 0 0
0.448203 0.856524
4 5 0 0
0.898042 0.101958 0 0
-0.133967 0.704381 0.161115
-0.338279 -0.369747 -0.865364
0 0 0 0
0.434652 0.774944
4 0 0 0
1 0 0 0
-0.143837 0.736386 0.143306
-0.581956 -0.64487 -0.495449
0 0 0 0
0.418474 0.82573
4 5 0 0
0.94238 0.05762 0 0
-0.124097 0.726144 0.151401
0.275685 -0.527739 -0.803424
0 0 0 0
0.435067 0.807576
4 5 0 0
0.978332 0.021668 0 0
-0.142427 0.694139 0.169210
-0.741446 -0.205081 -0.638905
0 0 0 0
0.434652 0.757708
4 0 0 0
1 0 0 0
-0.136787 0.678776 0.174067
-0.314309 -0.895779 -0.314309
0 0 0 0
0.441013 0.733349
4 0 0 0
1 0 0 0
-0.145248 0.726144 0.162734
-0.979816 -0.063214 0.189642
0 0 0 0
0.430227 0.808954
4 5 0 0
0.980963 0.019037 0 0
-0.104356 0.765831 0.123878
0.825851 -0.519106 -0.220227
0 0 0 0
0.430919 0.876516
4 5 0 0
0.786551 0.213449 0 0
-0.122687 0.758150 0.106069
0.521564 -0.821858 -0.229172
0 0 0 0
0.404093 0.862269
4 5 0 0
0.751597 0.248403 0 0
-0.105766 0.772232 0.138449
0.660517 0.518978 0.542568
0 0 0 0
0.440321 0.886858
4 5 0 0
0.795777 0.204223 0 0
-0.142427 0.750468 0.104450
-0.40874 -0.903944 -0.125766
0 0 0 0
0.390819 0.851468
4 5 0 0
0.756076 0.243924 0 0
-0.105766 0.782474 0.123878
0.640401 0.719463 0.26881
0 0 0 0
0.430089 0.902484
4 5 0 0
0.707104 0.292896 0 0
-0.107177 0.783754 0.114164
0.807899 0.580432 0.101968
0 0 0 0
0.422207 0.906621
4 5 0 0
0.661674 0.338326 0 0
-0.105766 0.774792 0.081784
0.847639 -0.463062 0.259001
0 0 0 0
0.391925 0.890305
4 5 0 0
0.554232 0.445768 0 0
-0.121277 0.758150 0.081784
0.520541 -0.83602 0.173514
0 0 0 0
0.381831 0.862269
4 5 0 0
0.609366 0.390634 0 0
-0.132557 0.751748 0.073689
0.055297 -0.99534 0.078995
0 0 0 0
0.366897 0.853766
4 5 0 0
0.566184 0.433816 0 0
-0.114227 0.788875 0.123878
0.070926 0.89839 0.433434
0 0 0 0
0.423175 0.908459
4 5 0 0
0.664275 0.335725 0 0
-0.111407 0.799116 0.093117
0.204547 0.912594 0.354024
0 0 0 0
0.398839 0.927762
4 5 0 0
0.50517 0.49483 0 0
-0.100126 0.795276 0.070451
0.804573 0.567934 0.173535
0 0 0 0
0.382245 0.925235
4 5 0 0
0.410623 0.589377 0 0
-0.104356 0.760710 0.060738
0.455228 -0.745631 0.486623
0 0 0 0
0.36745 0.867324
4 5 0 0
0.437583 0.562417 0 0
-0.095896 0.765831 0.062357
0.290673 -0.510641 0.80917
0 0 0 0
0.372566 0.876746
4 5 0 0
0.403919 0.596081 0 0
-0.122687 0.751748 0.062357
0.196189 -0.965248 0.172646
0 0 0 0
0.359568 0.853536
4 5 0 0
0.481973 0.518027 0 0
-0.133967 0.751748 0.060738
-0.142311 -0.988274 -0.055343
0 0 0 0
0.353899 0.852387
4 5 0 0
0.487289 0.512711 0 0
-0.108587 0.800397 0.070451
0.251284 0.965873 0.062821
0 0 0 0
0.378235 0.933507
4 5 0 0
0.390231 0.609769 0 0
-0.132557 0.753029 0.051024
-0.313728 -0.941184 -0.125491
0 0 0 0
0.34173 0.853766
4 5 0 0
0.41318 0.58682 0 0
-0.111407 0.749188 0.034834
-0.196255 -0.949875 0.243356
0 0 0 0
0.329977 0.84848
4 5 0 0
0.293987 0.706013 0 0
-0.102946 0.751748 0.041310
-0.197612 -0.774637 0.600739
0 0 0 0
0.342422 0.850778
4 5 0 0
0.31627 0.68373 0 0
-0.093076 0.787594 0.060738
0.647923 0.458287 0.608415
0 0 0 0
0.374502 0.910757
4 5 0 0
0.369412 0.630588 0 0
-0.108587 0.800397 0.060738
0.031508 0.992495 -0.118154
0 0 0 0
0.365791 0.932588
4 5 0 0
0.332303 0.667697 0 0
-0.111407 0.799116 0.051024
-0.204238 0.934779 -0.290646
0 0 0 0
0.352931 0.928222
4 5 0 0
0.275279 0.724721 0 0
-0.093076 0.793996 0.042929
0.212697 0.968955 0.126043
0 0 0 0
0.349474 0.921328
4 5 0 0
0.256711 0.743289 0 0
-0.053595 0.774792 0.052643
0.441287 0.772252 0.457047
0 0 0 0
0.398562 0.888466
4 5 0 0
0.155875 0.844125 0 0
-0.091666 0.795276 0.023501
-0.10255 0.993946 -0.039442
0 0 0 0
0.317532 0.921787
4 5 0 0
0.149923 0.850077 0 0
-0.071926 0.796556 -0.007260
0.023613 0.999597 0.015742
0 0 0 0
0.255999 0.925464
4 5 0 0
0.027352 0.972648 0 0
-0.033855 0.772232 0.034834
0.408828 0.841243 0.353794
0 0 0 0
0.389712 0.885938
4 5 0 0
0.052965 0.947035 0 0
-0.033855 0.765831 0.042929
0.498464 0.387694 0.775388
0 0 0 0
0.41156 0.876976
4 5 0 0
0.063257 0.936743 0 0
-0.032445 0.781193 -0.015355
0.36252 0.91418 0.18126
0 0 0 0
0.189074 0.901565
5 0 0 0
1 0 0 0
-0.043725 0.790155 -0.039640
0.250859 0.878006 0.407646
0 0 0 0
0.158376 0.919949
5 0 0 0
1 0 0 0
-0.063465 0.799116 -0.046115
-0.196936 0.968925 0.149671
0 0 0 0
0.173863 0.929831
5 0 0 0
1 0 0 0
-0.052185 0.804237 -0.059067
-0.189064 0.921689 0.33874
0 0 0 0
0.143028 0.939252
5 0 0 0
1 0 0 0
-0.014114 0.767111 0.023501
0.377754 0.873556 0.306925
0 0 0 0
0.401881 0.876976
4 5 0 0
0.005368 0.994632 0 0
-0.015524 0.763270 0.033215
0.597481 0.377357 0.707544
0 0 0 0
0.433822 0.871691
4 5 0 0
0.011746 0.988254 0 0
0.005626 0.767111 0.004073
0.11799 0.951783 0.283175
0 0 0 0
0.183681 0.880653
5 0 0 0
1 0 0 0
0.005626 0.768391 -0.007260
0.133775 0.928558 0.346242
0 0 0 0
0.105831 0.885249
5 0 0 0
1 0 0 0
-0.004244 0.787594 -0.038021
-0.023563 0.777578 0.628346
0 0 0 0
0.058403 0.912366
5 0 0 0
1 0 0 0
-0.004244 0.813199 -0.068781
0.133817 0.858002 0.495909
0 0 0 0
0.042639 0.95373
5 0 0 0
1 0 0 0
-0.004244 0.763270 0.023501
0.45617 0.621335 0.637065
0 0 0 0
0.449862 0.871231
5 0 0 0
1 0 0 0
0.005626 0.763270 0.015406
0.267783 0.811225 0.519814
0 0 0 0
-0.078629 0.467697
5 0 0 0
1 0 0 0
-0.042315 0.813199 -0.070400
-0.260028 0.85888 0.44126
0 0 0 0
0.115234 0.951662
5 0 0 0
1 0 0 0
-0.053595 0.810638 -0.081733
-0.498152 0.846068 0.189772
0 0 0 0
0.120627 0.949823
5 0 0 0
1 0 0 0
-0.002834 0.823441 -0.088209
0.173633 0.970764 0.16574
0 0 0 0
0.037523 0.970965
5 0 0 0
1 0 0 0
-0.004244 0.755589 0.025120
0.488811 -0.094609 0.867245
0 0 0 0
0.470189 0.859281
5 0 0 0
1 0 0 0
0.008447 0.746628 0.015406
0.338824 -0.346704 0.87464
0 0 0 0
0.015399 0.438512
5 0 0 0
1 0 0 0
-0.043725 0.815759 -0.080114
-0.392958 0.872368 0.290789
0 0 0 0
0.107491 0.958326
5 0 0 0
1 0 0 0
-0.033855 0.822160 -0.088209
-0.284427 0.948091 -0.142214
0 0 0 0
0.088685 0.966599
5 0 0 0
1 0 0 0
0.112789 0.691578 0.170829
-0.983368 -0.173073 0.055069
0 0 0 0
0.015122 0.352796
3 0 0 0
1 0 0 0
0.146630 0.681337 0.172448
0.691521 -0.620798 -0.369335
0 0 0 0
0.035725 0.337399
3 0 0 0
1 0 0 0
0.119840 0.678776 0.182162
-0.33148 -0.781346 0.52879
0 0 0 0
0.017058 0.330045
3 0 0 0
1 0 0 0
0.117019 0.705661 0.162734
-0.583909 -0.291955 -0.757504
0 0 0 0
0.022866 0.373478
3 0 0 0
1 0 0 0
0.111379 0.715902 0.170829
-0.928558 -0.031477 0.36985
0 0 0 0
0.014846 0.387496
3 5 0 0
0.994498 0.005502 0 0
0.111379 0.735106 0.161115
-0.825289 0.322256 0.463734
0 0 0 0
0.020377 0.420128
3 5 0 0
0.963432 0.036568 0 0
0.111379 0.745347 0.153020
-0.996638 -0.023543 0.078475
0 0 0 0
0.024663 0.438512
3 5 0 0
0.929287 0.070713 0 0
0.139580 0.704381 0.161115
0.338279 -0.369747 -0.865364
0 0 0 0
0.039597 0.370261
3 0 0 0
1 0 0 0
0.148040 0.715902 0.164353
0.880145 -0.157169 -0.447931
0 0 0 0
0.042777 0.387496
3 5 0 0
0.995101 0.004899 0 0
0.149450 0.736386 0.143306
0.581956 -0.64487 -0.495449
0 0 0 0
0.056052 0.421277
3 5 0 0
0.942078 0.057922 0 0
0.136760 0.747908 0.123878
-0.110199 -0.865847 -0.488023
0 0 0 0
0.063242 0.44127
3 5 0 0
0.859965 0.140035 0 0
0.148040 0.749188 0.112545
0.274757 -0.949875 -0.149154
0 0 0 0
0.076378 0.446326
3 5 0 0
0.80532 0.19468 0 0
0.115609 0.764551 0.104450
-0.731921 -0.67683 -0.078701
0 0 0 0
0.062689 0.471374
3 5 0 0
0.711287 0.288713 0 0
0.108559 0.782474 0.123878
-0.67639 0.637065 0.369655
0 0 0 0
0.043054 0.498261
3 5 0 0
0.707083 0.292917 0 0
0.111379 0.772232 0.138449
-0.660517 0.518978 0.542568
0 0 0 0
0.033236 0.482405
3 5 0 0
0.794235 0.205765 0 0
0.111379 0.754309 0.151401
-0.793262 0.306309 0.526223
0 0 0 0
0.025493 0.452071
3 5 0 0
0.897902 0.102098 0 0
0.129710 0.755589 0.083403
-0.275625 -0.960749 0.0315
0 0 0 0
0.093248 0.455977
3 5 0 0
0.621635 0.378365 0 0
0.148040 0.756869 0.072070
0.714369 -0.698668 0.039251
0 0 0 0
0.11316 0.457356
3 5 0 0
0.554652 0.445348 0 0
0.101509 0.778633 0.083403
-0.826926 -0.448902 0.338646
0 0 0 0
0.07306 0.492516
3 5 0 0
0.525696 0.474304 0 0
0.119840 0.760710 0.080165
-0.449684 -0.844144 0.2919
0 0 0 0
0.089515 0.462182
3 5 0 0
0.589404 0.410596 0 0
0.108559 0.793996 0.102831
-0.541697 0.706562 0.45534
0 0 0 0
0.0602 0.518024
3 5 0 0
0.565944 0.434056 0 0
0.138170 0.754309 0.072070
0.22127 -0.774443 0.592686
0 0 0 0
0.109703 0.45322
3 5 0 0
0.554069 0.445931 0 0
0.108559 0.749188 0.062357
-0.322795 -0.677081 0.661335
0 0 0 0
0.105278 0.443798
3 5 0 0
0.422989 0.577011 0 0
0.094459 0.796556 0.072070
-0.889654 0.330668 0.314922
0 0 0 0
0.081356 0.520782
3 5 0 0
0.398498 0.601502 0 0
0.078948 0.765831 0.054262
-0.747939 -0.251937 0.614097
0 0 0 0
0.09311 0.473672
3 5 0 0
0.289463 0.710537 0 0
0.108559 0.805518 0.081784
-0.007896 0.963261 0.26845
0 0 0 0
0.080527 0.532042
3 5 0 0
0.422376 0.577624 0 0
0.115609 0.731265 0.046167
-0.173202 -0.810898 0.558969
0 0 0 0
0.133072 0.4176
3 5 0 0
0.303335 0.696665 0 0
0.105739 0.802957 0.052643
0.228851 0.95486 -0.189394
0 0 0 0
0.114819 0.532961
3 5 0 0
0.25539 0.74461 0 0
0.097279 0.800397 0.033215
-0.188364 0.965367 -0.180516
0 0 0 0
0.141368 0.526297
3 5 0 0
0.168472 0.831528 0 0
0.088819 0.792715 0.012168
-0.661664 0.74831 -0.047262
0 0 0 0
0.177458 0.515956
3 5 0 0
0.08934 0.91066 0 0
0.060618 0.765831 0.013787
-0.401351 0.873528 0.275437
0 0 0 0
0.170406 0.475281
3 5 0 0
0.071418 0.928582 0 0
0.108559 0.799116 0.013787
0.125677 0.973996 0.188515
0 0 0 0
0.177597 0.522161
3 5 0 0
0.077995 0.922005 0 0
0.057798 0.754309 0.023501
-0.597315 -0.330095 0.730925
0 0 0 0
0.144272 0.454139
3 5 0 0
0.098286 0.901714 0 0
0.042287 0.763270 0.010549
-0.204301 0.72291 0.660048
0 0 0 0
0.169853 0.468157
3 5 0 0
0.034715 0.965285 0 0
0.070488 0.783754 -0.018593
-0.495311 0.786208 0.369518
0 0 0 0
0.252128 0.502857
3 5 0 0
0.008142 0.991858 0 0
0.088819 0.805518 -0.046115
-0.007868 0.98346 0.180957
0 0 0 0
0.284208 0.536408
5 0 0 0
1 0 0 0
0.039467 0.765831 0.002454
-0.110264 0.93724 0.330791
0 0 0 0
0.218665 0.474821
3 5 0 0
0.018887 0.981113 0 0
0.078948 0.718463 0.000835
-0.220692 -0.68572 0.693602
0 0 0 0
0.204699 0.391862
3 5 0 0
0.042744 0.957256 0 0
0.118429 0.715902 0.010549
0.133618 -0.919608 0.369415
0 0 0 0
0.182436 0.391403
3 5 0 0
0.114158 0.885842 0 0
0.038057 0.758150 0.012168
-0.141491 -0.172934 0.974717
0 0 0 0
0.165705 0.457586
3 5 0 0
0.030395 0.969605 0 0
0.038057 0.737666 0.005692
0.039204 -0.313631 0.948735
0 0 0 0
0.2094 0.424954
3 5 0 0
0.011351 0.988649 0 0
0.028187 0.763270 0.010549
-0.031445 0.770413 0.63677
0 0 0 0
0.173172 0.467238
3 5 0 0
0.011955 0.988045 0 0
0.028187 0.781193 -0.029926
-0.031479 0.794857 0.60598
0 0 0 0
0.358877 0.498031
5 0 0 0
1 0 0 0
0.046518 0.814479 -0.076876
0.007841 0.878168 0.478288
0 0 0 0
0.37547 0.551575
5 0 0 0
1 0 0 0
0.016907 0.765831 0.002454
0.015692 0.949348 0.313834
0 0 0 0
0.271348 0.472293
5 0 0 0
1 0 0 0
0.056388 0.818320 -0.086590
0.117935 0.974928 -0.188696
0 0 0 0
0.367726 0.552495
5 0 0 0
1 0 0 0
0.107149 0.689018 -0.028307
0.292602 -0.680102 0.672194
0 0 0 0
0.244799 0.343834
5 0 0 0
1 0 0 0
0.076128 0.697980 -0.013736
0.078963 -0.576432 0.813321
0 0 0 0
0.241757 0.36015
3 5 0 0
0.002944 0.997056 0 0
0.005626 0.767111 0.004073
0.11799 0.951783 0.283175
0 0 0 0
0.428983 0.473213
5 0 0 0
1 0 0 0
0.005626 0.768391 -0.007260
0.133775 0.928558 0.346242
0 0 0 0
0.449309 0.477809
5 0 0 0
1 0 0 0
-0.121277 0.589161 0.204827
0.591193 0.748844 0.299538
0 0 0 0
0.462307 0.578922
1 0 0 0
1 0 0 0
-0.115637 0.557156 0.211303
0.668525 -0.228085 0.70785
0 0 0 0
0.468253 0.529974
1 0 0 0
1 0 0 0
-0.112817 0.567398 0.204827
0.934433 0.086376 0.345505
0 0 0 0
0.468806 0.545141
1 0 0 0
1 0 0 0
-0.133967 0.578919 0.216160
-0.425026 -0.007871 0.905147
0 0 0 0
0.460233 0.564674
1 0 0 0
1 0 0 0
-0.145248 0.598123 0.195113
0 0.998886 0.047191
0 0 0 0
0.446267 0.593859
1 0 0 0
1 0 0 0
-0.133967 0.554595 0.206446
-0.796734 -0.354981 0.489084
0 0 0 0
0.457329 0.527446
1 0 0 0
1 0 0 0
-0.149478 0.585321 0.191875
-0.897638 -0.291339 0.330709
0 0 0 0
0.442257 0.576624
1 0 0 0
1 0 0 0
-0.115637 0.535392 0.196732
0.550431 -0.723423 0.416755
0 0 0 0
0.462169 0.500559
1 0 0 0
1 0 0 0
-0.133967 0.525150 0.165972
-0.047178 -0.998608 0.023589
0 0 0 0
0.437832 0.482635
1 5 0 0
0.991324 0.008676 0 0
-0.142427 0.535392 0.153020
-0.92997 -0.315244 0.189147
0 0 0 0
0.425249 0.493665
1 5 0 0
0.975375 0.024625 0 0
-0.145248 0.534112 0.123878
0.228375 -0.960749 -0.1575
0 0 0 0
0.404784 0.490907
1 5 0 0
0.904591 0.095409 0 0
-0.157938 0.573799 0.144925
-0.961584 -0.1734 0.21281
0 0 0 0
0.411836 0.556631
1 5 0 0
0.960469 0.039531 0 0
-0.159348 0.545634 0.101212
-0.871802 -0.479099 0.102103
0 0 0 0
0.380448 0.514117
1 5 0 0
0.819244 0.180756 0 0
-0.156528 0.593002 0.172448
-0.584328 0.797529 0.15003
0 0 0 0
0.428983 0.588344
1 5 0 0
0.996824 0.003176 0 0
-0.160758 0.586601 0.144925
-0.965724 0.259097 -0.015703
0 0 0 0
0.411145 0.578232
1 5 0 0
0.962495 0.037505 0 0
-0.143837 0.593002 0.164353
0.102172 0.990286 -0.094313
0 0 0 0
0.43161 0.589952
1 5 0 0
0.99114 0.00886 0 0
-0.156528 0.594282 0.164353
-0.062866 0.997991 -0.007858
0 0 0 0
0.42442 0.589493
1 5 0 0
0.990509 0.009491 0 0
-0.152298 0.543073 0.034834
-0.173331 -0.984832 -0.007879
0 0 0 0
0.320159 0.504925
1 5 0 0
0.501691 0.498309 0 0
-0.164988 0.587881 0.083403
-0.244019 0.968204 -0.055101
0 0 0 0
0.364131 0.578462
1 5 0 0
0.751714 0.248286 0 0
-0.176268 0.578919 0.052643
-0.994875 0.078958 -0.063167
0 0 0 0
0.333849 0.564214
1 5 0 0
0.597338 0.402662 0 0
-0.164988 0.549475 0.005692
-0.638092 -0.764135 -0.094532
0 0 0 0
0.289186 0.52308
1 5 0 0
0.349755 0.650245 0 0
-0.149478 0.589161 0.123878
-0.078958 0.994875 -0.063167
0 0 0 0
0.401466 0.584437
1 5 0 0
0.909024 0.090976 0 0
-0.155118 0.596842 0.025120
-0.01577 0.946173 0.323276
0 0 0 0
0.309789 0.597306
1 5 0 0
0.451015 0.548985 0 0
-0.150888 0.553315 -0.015355
-0.039241 -0.99673 -0.070634
0 0 0 0
0.26554 0.520552
1 5 0 0
0.244865 0.755135 0 0
-0.160758 0.553315 -0.025069
-0.714302 -0.643657 -0.274732
0 0 0 0
0.25752 0.524918
1 5 0 0
0.20604 0.79396 0 0
-0.162168 0.598123 -0.025069
-0.900434 0.37913 -0.213261
0 0 0 0
0.256967 0.595008
1 5 0 0
0.203592 0.796408 0 0
-0.132557 0.626287 -0.055829
-0.37913 0.900434 0.213261
0 0 0 0
0.216867 0.641888
1 5 0 0
0.074571 0.925429 0 0
-0.132557 0.552035 -0.049353
-0.023696 -0.995216 -0.094782
0 0 0 0
0.224057 0.52308
1 5 0 0
0.114317 0.885683 0 0
-0.133967 0.566117 -0.091447
-0.717939 -0.402361 -0.56804
0 0 0 0
0.185202 0.54583
1 5 0 0
0.013435 0.986565 0 0
-0.128327 0.635249 -0.107637
-0.90347 0.18855 -0.384957
0 0 0 0
0.168747 0.658434
5 0 0 0
1 0 0 0
-0.124097 0.646771 -0.068781
-0.731196 -0.298768 0.613261
0 0 0 0
0.199997 0.679805
1 5 0 0
0.014871 0.985129 0 0
-0.109997 0.554595 -0.067162
0.078958 -0.994875 -0.063167
0 0 0 0
0.191286 0.528595
1 5 0 0
0.055436 0.944564 0 0
-0.100126 0.557156 -0.084971
0.118279 -0.969888 0.212902
0 0 0 0
0.167364 0.528135
1 5 0 0
0.018456 0.981544 0 0
-0.063465 0.541793 -0.125446
-0.440399 -0.849341 -0.290978
0 0 0 0
0.103757 0.506994
5 0 0 0
1 0 0 0
-0.064875 0.576359 -0.170777
-0.559802 -0.370573 -0.741146
0 0 0 0
0.08509 0.562606
5 0 0 0
1 0 0 0
-0.070516 0.544354 -0.106018
-0.471506 -0.880145 0.055009
0 0 0 0
0.122839 0.508143
5 0 0 0
1 0 0 0
-0.063465 0.677496 -0.169158
-0.607468 0.213008 -0.765252
0 0 0 0
0.086058 0.728294
5 0 0 0
1 0 0 0
-0.004244 0.585321 -0.196681
-0.07097 -0.197138 -0.977804
0 0 0 0
0.030886 0.577083
5 0 0 0
1 0 0 0
-0.004244 0.543073 -0.169158
-0.070687 -0.793262 -0.604764
0 0 0 0
0.032545 0.512739
5 0 0 0
1 0 0 0
-0.060645 0.539233 -0.106018
-0.344995 -0.933054 0.10193
0 0 0 0
0.111916 0.500789
5 0 0 0
1 0 0 0
-0.004244 0.531552 -0.125446
-0.039442 -0.993946 -0.10255
0 0 0 0
0.034343 0.490448
5 0 0 0
1 0 0 0
-0.042315 0.535392 -0.106018
-0.173202 -0.984099 0.039364
0 0 0 0
0.090483 0.494354
5 0 0 0
1 0 0 0
-0.060645 0.541793 -0.097923
-0.431615 -0.839687 0.329597
0 0 0 0
0.117723 0.504466
5 0 0 0
1 0 0 0
-0.004244 0.685177 -0.188586
-0.063133 0.378799 -0.923323
0 0 0 0
0.031439 0.739324
5 0 0 0
1 0 0 0
-0.032445 0.534112 -0.096304
-0.165262 -0.983703 0.070827
0 0 0 0
0.080389 0.491827
5 0 0 0
1 0 0 0
-0.002834 0.531552 -0.097923
-0.039338 -0.999195 -0.007868
0 0 0 0
0.035449 0.48746
5 0 0 0
1 0 0 0
-0.043725 0.535392 -0.096304
-0.219975 -0.96632 0.133556
0 0 0 0
0.096705 0.495733
5 0 0 0
1 0 0 0
-0.060645 0.541793 -0.097923
-0.431615 -0.839687 0.329597
0 0 0 0
0.117723 0.504466
5 0 0 0
1 0 0 0
-0.071926 0.776073 -0.114113
-0.549362 0.392401 -0.737715
0 0 0 0
0.118553 0.891913
5 0 0 0
1 0 0 0
-0.001424 0.736386 -0.152969
-0.047351 0.520865 -0.852325
0 0 0 0
0.030333 0.826649
5 0 0 0
1 0 0 0
-0.001424 0.776073 -0.146493
-0.205266 0.173687 -0.963171
0 0 0 0
0.029918 0.890764
5 0 0 0
1 0 0 0
-0.055005 0.809358 -0.099542
-0.451628 0.74479 -0.491244
0 0 0 0
0.109288 0.944998
5 0 0 0
1 0 0 0
-0.001424 0.802957 -0.125446
0.015711 0.777697 -0.628442
0 0 0 0
0.0313 0.934656
5 0 0 0
1 0 0 0
-0.002834 0.820880 -0.097923
0.015744 0.889543 -0.45658
0 0 0 0
0.035864 0.966599
5 0 0 0
1 0 0 0
-0.033855 0.822160 -0.088209
-0.284427 0.948091 -0.142214
0 0 0 0
0.088685 0.966599
5 0 0 0
1 0 0 0
-0.053595 0.810638 -0.081733
-0.498152 0.846068 0.189772
0 0 0 0
0.120627 0.949823
5 0 0 0
1 0 0 0
-0.064875 0.806798 -0.081733
-0.600233 0.78978 0.126365
0 0 0 0
0.133487 0.939252
5 0 0 0
1 0 0 0
-0.002834 0.823441 -0.088209
0.173633 0.970764 0.16574
0 0 0 0
0.037523 0.970965
5 0 0 0
1 0 0 0
-0.043725 0.815759 -0.080114
-0.392958 0.872368 0.290789
0 0 0 0
0.107491 0.958326
5 0 0 0
1 0 0 0
-0.052185 0.804237 -0.059067
-0.189064 0.921689 0.33874
0 0 0 0
0.143028 0.939252
5 0 0 0
1 0 0 0
-0.063465 0.799116 -0.046115
-0.196936 0.968925 0.149671
0 0 0 0
0.173863 0.929831
5 0 0 0
1 0 0 0
-0.087436 0.774792 -0.065543
-0.808571 0.573065 -0.133453
0 0 0 0
0.175937 0.892143
5 0 0 0
1 0 0 0
-0.109997 0.738946 -0.089828
-0.881125 0.338289 -0.330422
0 0 0 0
0.169577 0.828947
5 0 0 0
1 0 0 0
-0.122687 0.774792 0.025120
-0.756093 0.417426 -0.504062
0 0 0 0
0.312692 0.892143
4 5 0 0
0.190853 0.809147 0 0
-0.071926 0.796556 -0.007260
0.023613 0.999597 0.015742
0 0 0 0
0.255999 0.925464
4 5 0 0
0.027352 0.972648 0 0
-0.119867 0.754309 -0.007260
-0.836411 0.505003 -0.213048
0 0 0 0
0.270242 0.856524
4 5 0 0
0.091402 0.908598 0 0
-0.115637 0.724864 -0.067162
-0.962212 0.268158 -0.047322
0 0 0 0
0.194052 0.807805
5 0 0 0
1 0 0 0
-0.091666 0.795276 0.023501
-0.10255 0.993946 -0.039442
0 0 0 0
0.317532 0.921787
4 5 0 0
0.149923 0.850077 0 0
-0.093076 0.793996 0.042929
0.212697 0.968955 0.126043
0 0 0 0
0.349474 0.921328
4 5 0 0
0.256711 0.743289 0 0
-0.111407 0.799116 0.051024
-0.204238 0.934779 -0.290646
0 0 0 0
0.352931 0.928222
4 5 0 0
0.275279 0.724721 0 0
-0.149478 0.788875 0.081784
-0.750151 0.647499 -0.134238
0 0 0 0
0.370492 0.909148
4 5 0 0
0.50537 0.49463 0 0
-0.119867 0.747908 0.021882
-0.707719 -0.676265 0.204452
0 0 0 0
0.310204 0.846872
4 5 0 0
0.229253 0.770747 0 0
-0.143837 0.756869 0.051024
-0.737442 -0.58054 -0.345186
0 0 0 0
0.341592 0.86112
4 5 0 0
0.420746 0.579254 0 0
-0.121277 0.740227 0.012168
-0.841061 -0.314415 0.440181
0 0 0 0
0.294578 0.832854
4 5 0 0
0.155595 0.844405 0 0
-0.128327 0.705661 -0.046115
-0.945556 0.039398 -0.323065
0 0 0 0
0.222951 0.775633
5 0 0 0
1 0 0 0
-0.124097 0.676216 -0.059067
-0.962182 0.102528 0.252376
0 0 0 0
0.207326 0.725766
5 0 0 0
1 0 0 0
-0.117047 0.686458 -0.025069
-0.49551 -0.503376 0.707872
0 0 0 0
0.242863 0.745988
5 0 0 0
1 0 0 0
-0.132557 0.753029 0.051024
-0.313728 -0.941184 -0.125491
0 0 0 0
0.34173 0.853766
4 5 0 0
0.41318 0.58682 0 0
-0.111407 0.749188 0.034834
-0.196255 -0.949875 0.243356
0 0 0 0
0.329977 0.84848
4 5 0 0
0.293987 0.706013 0 0
-0.118457 0.800397 0.072070
-0.236067 0.967874 -0.086558
0 0 0 0
0.373119 0.931899
4 5 0 0
0.36371 0.63629 0 0
-0.108587 0.800397 0.060738
0.031508 0.992495 -0.118154
0 0 0 0
0.365791 0.932588
4 5 0 0
0.332303 0.667697 0 0
-0.153708 0.754309 0.081784
-0.732738 -0.677586 -0.063031
0 0 0 0
0.368833 0.86043
4 5 0 0
0.61397 0.38603 0 0
-0.133967 0.751748 0.060738
-0.142311 -0.988274 -0.055343
0 0 0 0
0.353899 0.852387
4 5 0 0
0.487289 0.512711 0 0
-0.132557 0.751748 0.073689
0.055297 -0.99534 0.078995
0 0 0 0
0.366897 0.853766
4 5 0 0
0.566184 0.433816 0 0
-0.122687 0.751748 0.062357
0.196189 -0.965248 0.172646
0 0 0 0
0.359568 0.853536
4 5 0 0
0.481973 0.518027 0 0
-0.100126 0.697980 -0.015355
-0.204896 -0.591046 0.780181
0 0 0 0
0.254478 0.761845
4 5 0 0
0.006459 0.993541 0 0
-0.111407 0.645491 -0.059067
-0.590698 -0.504062 0.630078
0 0 0 0
0.202072 0.676128
1 5 0 0
0.015834 0.984166 0 0
-0.100126 0.649331 -0.041259
-0.086636 -0.56707 0.819101
0 0 0 0
0.21507 0.683482
1 5 0 0
0.002879 0.997121 0 0
-0.112817 0.636529 -0.063924
-0.432201 0.157164 0.887976
0 0 0 0
0.196817 0.660732
1 5 0 0
0.032876 0.967124 0 0
-0.108587 0.800397 0.070451
0.251284 0.965873 0.062821
0 0 0 0
0.378235 0.933507
4 5 0 0
0.390231 0.609769 0 0
-0.142427 0.750468 0.104450
-0.40874 -0.903944 -0.125766
0 0 0 0
0.390819 0.851468
4 5 0 0
0.756076 0.243924 0 0
-0.111407 0.799116 0.093117
0.204547 0.912594 0.354024
0 0 0 0
0.398839 0.927762
4 5 0 0
0.50517 0.49483 0 0
-0.152298 0.764551 0.131973
-0.889488 0.338478 0.306992
0 0 0 0
0.407135 0.870542
4 5 0 0
0.81533 0.18467 0 0
-0.114227 0.788875 0.123878
0.070926 0.89839 0.433434
0 0 0 0
0.423175 0.908459
4 5 0 0
0.664275 0.335725 0 0
-0.093076 0.626287 -0.060686
0.007907 -0.379545 0.92514
0 0 0 0
0.188106 0.644416
1 5 0 0
0.035483 0.964517 0 0
-0.112817 0.625007 -0.059067
0.110264 0.551318 0.826977
0 0 0 0
0.202763 0.642807
1 5 0 0
0.057475 0.942525 0 0
-0.143837 0.736386 0.143306
-0.581956 -0.64487 -0.495449
0 0 0 0
0.418474 0.82573
4 5 0 0
0.94238 0.05762 0 0
-0.145248 0.726144 0.162734
-0.979816 -0.063214 0.189642
0 0 0 0
0.430227 0.808954
4 5 0 0
0.980963 0.019037 0 0
-0.135377 0.729985 0.172448
-0.252164 0.488568 0.835293
0 0 0 0
0.439353 0.814929
4 5 0 0
0.975626 0.024374 0 0
-0.112817 0.754309 0.159496
0.331408 0.505003 0.796957
0 0 0 0
0.447097 0.854455
4 5 0 0
0.90175 0.09825 0 0
-0.133967 0.704381 0.161115
-0.338279 -0.369747 -0.865364
0 0 0 0
0.434652 0.774944
4 0 0 0
1 0 0 0
-0.142427 0.685177 0.183780
-0.773117 -0.063112 0.631116
0 0 0 0
0.441842 0.743001
4 0 0 0
1 0 0 0
-0.114227 0.703100 0.182162
0.425105 0.20468 0.881699
0 0 0 0
0.457606 0.771726
4 0 0 0
1 0 0 0
-0.142427 0.694139 0.169210
-0.741446 -0.205081 -0.638905
0 0 0 0
0.434652 0.757708
4 0 0 0
1 0 0 0
-0.105766 0.772232 0.138449
0.660517 0.518978 0.542568
0 0 0 0
0.440321 0.886858
4 5 0 0
0.795777 0.204223 0 0
-0.105766 0.782474 0.123878
0.640401 0.719463 0.26881
0 0 0 0
0.430089 0.902484
4 5 0 0
0.707104 0.292896 0 0
-0.105766 0.724864 0.167591
0.855303 0.298179 0.423728
0 0 0 0
0.457468 0.807116
4 5 0 0
0.984296 0.015704 0 0
-0.105766 0.753029 0.151401
0.996638 -0.023543 0.078475
0 0 0 0
0.448203 0.856524
4 5 0 0
0.898042 0.101958 0 0
-0.136787 0.678776 0.174067
-0.314309 -0.895779 -0.314309
0 0 0 0
0.441013 0.733349
4 0 0 0
1 0 0 0
-0.112817 0.694139 0.183780
0.535649 0.126035 0.834982
0 0 0 0
0.459542 0.7561
4 0 0 0
1 0 0 0
-0.115637 0.680056 0.182162
0.346844 -0.780399 0.520266
0 0 0 0
0.457053 0.734498
4 0 0 0
1 0 0 0
-0.107177 0.694139 0.174067
0.990286 -0.102172 0.094313
0 0 0 0
0.45885 0.757249
4 0 0 0
1 0 0 0
-0.125507 0.678776 0.172448
0.047319 -0.875401 -0.481076
0 0 0 0
0.447097 0.733119
4 0 0 0
1 0 0 0
-0.115637 0.557156 0.211303
0.668525 -0.228085 0.70785
0 0 0 0
0.468253 0.529974
1 0 0 0
1 0 0 0
-0.115637 0.535392 0.196732
0.550431 -0.723423 0.416755
0 0 0 0
0.462169 0.500559
1 0 0 0
1 0 0 0
-0.112817 0.567398 0.204827
0.934433 0.086376 0.345505
0 0 0 0
0.468806 0.545141
1 0 0 0
1 0 0 0
-0.105766 0.557156 0.172448
0.999009 -0.031465 -0.031465
0 0 0 0
0.457882 0.529055
1 5 0 0
0.995234 0.004766 0 0
-0.121277 0.589161 0.204827
0.591193 0.748844 0.299538
0 0 0 0
0.462307 0.578922
1 0 0 0
1 0 0 0
-0.122687 0.544354 0.115783
0.718453 -0.623712 -0.307909
0 0 0 0
0.411283 0.509292
1 5 0 0
0.875749 0.124251 0 0
-0.133967 0.525150 0.165972
-0.047178 -0.998608 0.023589
0 0 0 0
0.437832 0.482635
1 5 0 0
0.991324 0.008676 0 0
-0.129737 0.591722 0.156258
0.425091 0.897415 -0.118081
0 0 0 0
0.433684 0.582599
1 5 0 0
0.978608 0.021392 0 0
-0.119867 0.567398 0.114164
0.9475 0.268458 -0.173708
0 0 0 0
0.412251 0.543302
1 5 0 0
0.875774 0.124226 0 0
-0.145248 0.598123 0.195113
0 0.998886 0.047191
0 0 0 0
0.446267 0.593859
1 0 0 0
1 0 0 0
-0.145248 0.534112 0.123878
0.228375 -0.960749 -0.1575
0 0 0 0
0.404784 0.490907
1 5 0 0
0.904591 0.095409 0 0
-0.121277 0.564837 0.062357
0.989522 0.102094 0.102094
0 0 0 0
0.361089 0.542843
1 5 0 0
0.649561 0.350439 0 0
-0.152298 0.543073 0.034834
-0.173331 -0.984832 -0.007879
0 0 0 0
0.320159 0.504925
1 5 0 0
0.501691 0.498309 0 0
-0.129737 0.552035 0.004073
0.536365 -0.843986 0
0 0 0 0
0.28559 0.523539
1 5 0 0
0.338399 0.661601 0 0
-0.149478 0.589161 0.123878
-0.078958 0.994875 -0.063167
0 0 0 0
0.401466 0.584437
1 5 0 0
0.909024 0.090976 0 0
-0.133967 0.582760 0.062357
0.533978 0.840231 0.094231
0 0 0 0
0.355005 0.571568
1 5 0 0
0.649608 0.350392 0 0
-0.143837 0.593002 0.164353
0.102172 0.990286 -0.094313
0 0 0 0
0.43161 0.589952
1 5 0 0
0.99114 0.00886 0 0
-0.156528 0.594282 0.164353
-0.062866 0.997991 -0.007858
0 0 0 0
0.42442 0.589493
1 5 0 0
0.990509 0.009491 0 0
-0.121277 0.596842 -0.005641
0.561761 0.688355 0.458903
0 0 0 0
0.272592 0.594548
1 5 0 0
0.286267 0.713733 0 0
-0.117047 0.569958 0.012168
0.963291 -0.236875 0.126333
0 0 0 0
0.296652 0.549967
1 5 0 0
0.384305 0.615695 0 0
-0.155118 0.596842 0.025120
-0.01577 0.946173 0.323276
0 0 0 0
0.309789 0.597306
1 5 0 0
0.451015 0.548985 0 0
-0.150888 0.553315 -0.015355
-0.039241 -0.99673 -0.070634
0 0 0 0
0.26554 0.520552
1 5 0 0
0.244865 0.755135 0 0
-0.105766 0.613485 -0.049353
0.565546 0.628384 0.534127
0 0 0 0
0.208156 0.622814
1 5 0 0
0.085994 0.914006 0 0
-0.090256 0.593002 -0.057448
0.802032 0.212303 0.558277
0 0 0 0
0.186585 0.590412
1 5 0 0
0.064316 0.935684 0 0
-0.132557 0.552035 -0.049353
-0.023696 -0.995216 -0.094782
0 0 0 0
0.224057 0.52308
1 5 0 0
0.114317 0.885683 0 0
-0.086026 0.563557 -0.070400
0.593038 -0.498152 0.632574
0 0 0 0
0.168609 0.542153
1 5 0 0
0.036144 0.963856 0 0
-0.132557 0.626287 -0.055829
-0.37913 0.900434 0.213261
0 0 0 0
0.216867 0.641888
1 5 0 0
0.074571 0.925429 0 0
-0.112817 0.625007 -0.059067
0.110264 0.551318 0.826977
0 0 0 0
0.202763 0.642807
1 5 0 0
0.057475 0.942525 0 0
-0.093076 0.626287 -0.060686
0.007907 -0.379545 0.92514
0 0 0 0
0.188106 0.644416
1 5 0 0
0.035483 0.964517 0 0
-0.073336 0.596842 -0.067162
-0.369335 -0.180739 0.911551
0 0 0 0
0.159897 0.595238
1 5 0 0
0.01992 0.98008 0 0
-0.070516 0.559716 -0.078495
-0.299696 -0.654599 0.694033
0 0 0 0
0.143719 0.533421
1 5 0 0
0.008482 0.991518 0 0
-0.109997 0.554595 -0.067162
0.078958 -0.994875 -0.063167
0 0 0 0
0.191286 0.528595
1 5 0 0
0.055436 0.944564 0 0
-0.100126 0.557156 -0.084971
0.118279 -0.969888 0.212902
0 0 0 0
0.167364 0.528135
1 5 0 0
0.018456 0.981544 0 0
-0.040905 0.595562 -0.038021
-0.526955 -0.165165 0.83369
0 0 0 0
0.151324 0.594778
5 0 0 0
1 0 0 0
-0.070516 0.625007 -0.059067
-0.360743 -0.313689 0.87833
0 0 0 0
0.170821 0.642577
1 5 0 0
0.007863 0.992137 0 0
-0.040905 0.546914 -0.067162
-0.41669 -0.691863 0.589656
0 0 0 0
0.113437 0.513888
5 0 0 0
1 0 0 0
-0.080386 0.553315 -0.097923
-0.339256 -0.867865 0.362926
0 0 0 0
0.139018 0.523539
1 5 0 0
0.001599 0.998401 0 0
-0.112817 0.636529 -0.063924
-0.432201 0.157164 0.887976
0 0 0 0
0.196817 0.660732
1 5 0 0
0.032876 0.967124 0 0
-0.124097 0.646771 -0.068781
-0.731196 -0.298768 0.613261
0 0 0 0
0.199997 0.679805
1 5 0 0
0.014871 0.985129 0 0
-0.111407 0.645491 -0.059067
-0.590698 -0.504062 0.630078
0 0 0 0
0.202072 0.676128
1 5 0 0
0.015834 0.984166 0 0
-0.070516 0.544354 -0.106018
-0.471506 -0.880145 0.055009
0 0 0 0
0.122839 0.508143
5 0 0 0
1 0 0 0
-0.060645 0.541793 -0.097923
-0.431615 -0.839687 0.329597
0 0 0 0
0.117723 0.504466
5 0 0 0
1 0 0 0
-0.031034 0.636529 -0.033164
-0.502832 0.015713 0.864242
0 0 0 0
0.141921 0.661651
5 0 0 0
1 0 0 0
-0.002834 0.566117 -0.029926
-0.149583 -0.33853 0.92899
0 0 0 0
0.051351 0.544681
5 0 0 0
1 0 0 0
-0.022574 0.566117 -0.039640
-0.449712 -0.473381 0.75741
0 0 0 0
0.107906 0.544681
5 0 0 0
1 0 0 0
-0.050775 0.646771 -0.042878
-0.372103 -0.443357 0.81546
0 0 0 0
0.16446 0.677277
5 0 0 0
1 0 0 0
-0.001424 0.535392 -0.054210
-0.227663 -0.847848 0.478877
0 0 0 0
0.040565 0.49918
5 0 0 0
1 0 0 0
-0.043725 0.535392 -0.096304
-0.219975 -0.96632 0.133556
0 0 0 0
0.096705 0.495733
5 0 0 0
1 0 0 0
-0.002834 0.608364 -0.029926
-0.054951 -0.054951 0.996976
0 0 0 0
0.057158 0.613162
5 0 0 0
1 0 0 0
-0.019754 0.648051 -0.026688
-0.307201 -0.315078 0.897972
0 0 0 0
0.130445 0.678886
5 0 0 0
1 0 0 0
-0.100126 0.649331 -0.041259
-0.086636 -0.56707 0.819101
0 0 0 0
0.21507 0.683482
1 5 0 0
0.002879 0.997121 0 0
-0.081796 0.689018 -0.018593
-0.196838 -0.66925 0.716491
0 0 0 0
0.240512 0.745988
5 0 0 0
1 0 0 0
-0.080386 0.667254 -0.031545
0.015821 -0.506265 0.862233
0 0 0 0
0.215899 0.712207
5 0 0 0
1 0 0 0
-0.091666 0.687738 -0.020212
-0.15003 -0.584328 0.797529
0 0 0 0
0.242863 0.747137
5 0 0 0
1 0 0 0
0.007037 0.689018 -0.008879
0.062804 -0.306167 0.949904
0 0 0 0
0.105278 0.747827
5 0 0 0
1 0 0 0
-0.063465 0.705661 0.002454
-0.015703 -0.683073 0.730181
0 0 0 0
0.277294 0.775403
4 5 0 0
0.014486 0.985514 0 0
-0.032445 0.706941 0.000835
0.078459 -0.572747 0.815969
0 0 0 0
0.25752 0.778391
5 0 0 0
1 0 0 0
-0.100126 0.697980 -0.015355
-0.204896 -0.591046 0.780181
0 0 0 0
0.254478 0.761845
4 5 0 0
0.006459 0.993541 0 0
-0.032445 0.718463 0.010549
0.150157 -0.624335 0.766589
0 0 0 0
0.298727 0.797464
4 5 0 0
0.004198 0.995802 0 0
-0.090256 0.699260 -0.008879
-0.227579 -0.635651 0.737669
0 0 0 0
0.257797 0.765292
4 5 0 0
0.009681 0.990319 0 0
0.005626 0.727424 0.007311
0.212796 -0.401949 0.890593
0 0 0 0
0.217144 0.794936
5 0 0 0
1 0 0 0
-0.063465 0.715902 0.013787
0.023564 -0.70691 0.70691
0 0 0 0
0.303428 0.793558
4 5 0 0
0.041451 0.958549 0 0
-0.040905 0.727424 0.021882
0.196899 -0.677333 0.708837
0 0 0 0
0.335093 0.812172
4 5 0 0
0.028873 0.971127 0 0
-0.015524 0.728705 0.015406
0.258842 -0.541214 0.800055
0 0 0 0
0.331775 0.81355
5 0 0 0
1 0 0 0
-0.042315 0.736386 0.031596
0.252974 -0.664058 0.703585
0 0 0 0
0.365652 0.828028
4 5 0 0
0.054045 0.945955 0 0
-0.016934 0.737666 0.020263
0.329445 -0.525543 0.784392
0 0 0 0
0.376991 0.828947
4 5 0 0
0.002869 0.997131 0 0
0.118429 0.513628 0.185399
-0.283193 -0.629317 0.723714
0 0 0 0
0.016781 0.054052
2 0 0 0
1 0 0 0
0.129710 0.496986 0.174067
-0.448972 -0.890067 0.078767
0 0 0 0
0.026737 0.029923
2 0 0 0
1 0 0 0
0.143810 0.505947 0.174067
0.904923 -0.14164 0.401314
0 0 0 0
0.036002 0.042332
2 0 0 0
1 0 0 0
0.156500 0.503387 0.120640
-0.015745 -0.991911 -0.125957
0 0 0 0
0.074443 0.037047
2 5 0 0
0.98034 0.01966 0 0
0.164961 0.504667 0.122259
0.652856 -0.731513 0.196643
0 0 0 0
0.079006 0.039575
2 5 0 0
0.972221 0.027779 0 0
0.153680 0.544354 0.151401
0.919296 0.353575 0.172859
0 0 0 0
0.052733 0.104149
2 0 0 0
1 0 0 0
0.142400 0.549475 0.178924
0.260717 0.347623 0.900658
0 0 0 0
0.031577 0.111503
2 0 0 0
1 0 0 0
0.118429 0.513628 0.185399
-0.763472 0.023613 0.645409
0 0 0 0
0.016781 0.054052
2 0 0 0
1 0 0 0
0.121250 0.544354 0.170829
-0.653037 0.409132 0.637302
0 0 0 0
0.023557 0.102311
2 0 0 0
1 0 0 0
0.132530 0.562277 0.164353
-0.50505 0.860163 0.071023
0 0 0 0
0.03296 0.131726
2 0 0 0
1 0 0 0
0.140990 0.563557 0.162734
0.243966 0.936515 -0.251836
0 0 0 0
0.038076 0.134024
2 0 0 0
1 0 0 0
0.136760 0.555876 0.143306
-0.039302 0.974687 -0.220091
0 0 0 0
0.048723 0.122304
2 0 0 0
1 0 0 0
0.174831 0.544354 0.104450
0.883232 0.346984 0.31544
0 0 0 0
0.096843 0.10369
2 5 0 0
0.933933 0.066067 0 0
0.148040 0.553315 0.133592
0.355645 0.916774 0.181774
0 0 0 0
0.061306 0.119087
2 5 0 0
0.997113 0.002887 0 0
-0.004244 0.787594 -0.038021
-0.023563 0.777578 0.628346
0 0 0 0
0.487612 0.507913
5 0 0 0
1 0 0 0
-0.004244 0.813199 -0.068781
0.133817 0.858002 0.495909
0 0 0 0
0.471848 0.549277
5 0 0 0
1 0 0 0
-0.002834 0.823441 -0.088209
0.173633 0.970764 0.16574
0 0 0 0
0.466732 0.566513
5 0 0 0
1 0 0 0
0.095869 0.680056 -0.031545
0.196449 -0.447903 0.872233
0 0 0 0
0.257105 0.327977
5 0 0 0
1 0 0 0
0.056388 0.678776 -0.021831
0.299771 -0.378658 0.875646
0 0 0 0
0.275911 0.327747
5 0 0 0
1 0 0 0
0.095869 0.657013 -0.038021
0.275454 0.047221 0.960154
0 0 0 0
0.264434 0.291209
2 5 0 0
0.007824 0.992176 0 0
0.067668 0.627568 -0.029926
0.141417 0.007856 0.989919
0 0 0 0
0.2784 0.241112
5 0 0 0
1 0 0 0
0.038057 0.667254 -0.020212
0.204244 -0.377065 0.903386
0 0 0 0
0.309097 0.307065
5 0 0 0
1 0 0 0
0.108559 0.636529 -0.034783
0.511399 0.055074 0.857577
0 0 0 0
0.258073 0.257428
2 5 0 0
0.039024 0.960976 0 0
0.105739 0.668535 -0.041259
0.60628 -0.157475 0.779503
0 0 0 0
0.264711 0.309133
2 5 0 0
0.005953 0.994047 0 0
0.095869 0.617326 -0.034783
0.361947 -0.34621 0.865525
0 0 0 0
0.263466 0.225026
2 5 0 0
0.032569 0.967431 0 0
0.028187 0.573799 -0.026688
0.023662 -0.165632 0.985904
0 0 0 0
0.363025 0.156315
5 0 0 0
1 0 0 0
0.066258 0.577639 -0.038021
0.57303 -0.486683 0.659376
0 0 0 0
0.301354 0.159762
5 0 0 0
1 0 0 0
0.019727 0.728705 0.004073
0.102204 -0.290888 0.951283
0 0 0 0
0.247841 0.409557
5 0 0 0
1 0 0 0
-0.002834 0.608364 -0.029926
-0.054951 -0.054951 0.996976
0 0 0 0
0.486367 0.20871
5 0 0 0
1 0 0 0
0.007037 0.689018 -0.008879
0.062804 -0.306167 0.949904
0 0 0 0
0.425802 0.343144
5 0 0 0
1 0 0 0
0.029597 0.747908 0.008930
0.133618 -0.369415 0.919608
0 0 0 0
0.184234 0.44127
3 5 0 0
0.008573 0.991427 0 0
0.057798 0.555876 -0.046115
0.553312 -0.600739 0.577026
0 0 0 0
0.327765 0.12621
5 0 0 0
1 0 0 0
-0.002834 0.566117 -0.029926
-0.149583 -0.33853 0.92899
0 0 0 0
0.48056 0.140228
5 0 0 0
1 0 0 0
0.038057 0.531552 -0.063924
0.219792 -0.926267 0.306139
0 0 0 0
0.38432 0.089672
5 0 0 0
1 0 0 0
-0.001424 0.535392 -0.054210
-0.227663 -0.847848 0.478877
0 0 0 0
0.469774 0.094727
5 0 0 0
1 0 0 0
0.005626 0.727424 0.007311
0.212796 -0.401949 0.890593
0 0 0 0
0.373949 0.407949
5 0 0 0
1 0 0 0
0.007037 0.736386 0.010549
0.290942 -0.408891 0.864963
0 0 0 0
0.116202 0.421967
5 0 0 0
1 0 0 0
0.057798 0.540513 -0.080114
0.50951 -0.7917 0.337061
0 0 0 0
0.361089 0.096796
5 0 0 0
1 0 0 0
-0.002834 0.531552 -0.097923
-0.039338 -0.999195 -0.007868
0 0 0 0
0.464658 0.083008
5 0 0 0
1 0 0 0
0.046518 0.531552 -0.097923
0.189429 -0.978717 0.078929
0 0 0 0
0.38833 0.083237
5 0 0 0
1 0 0 0
0.036647 0.531552 -0.096304
0.047178 -0.998608 0.023589
0 0 0 0
0.402434 0.081629
5 0 0 0
1 0 0 0
-0.015524 0.728705 0.015406
0.258842 -0.541214 0.800055
0 0 0 0
0.237194 0.527906
5 0 0 0
1 0 0 0
0.056388 0.536672 -0.088209
0.377812 -0.897304 0.228262
0 0 0 0
0.369801 0.090361
5 0 0 0
1 0 0 0
-0.005654 0.736386 0.015406
0.330187 -0.471696 0.817606
0 0 0 0
0.383628 0.826879
5 0 0 0
1 0 0 0
0.008447 0.746628 0.015406
0.338824 -0.346704 0.87464
0 0 0 0
0.015399 0.438512
5 0 0 0
1 0 0 0
0.063438 0.539233 -0.088209
0.552192 -0.780957 0.291873
0 0 0 0
0.360813 0.096566
5 0 0 0
1 0 0 0
0.067668 0.546914 -0.078495
0.637065 -0.67639 0.369655
0 0 0 0
0.347815 0.109665
5 0 0 0
1 0 0 0
0.111379 0.735106 0.161115
-0.825289 0.322256 0.463734
0 0 0 0
0.020377 0.420128
3 5 0 0
0.963432 0.036568 0 0
0.117019 0.745347 0.164353
-0.45658 0.45658 0.76359
0 0 0 0
0.023972 0.435525
3 5 0 0
0.933172 0.066828 0 0
0.111379 0.745347 0.153020
-0.996638 -0.023543 0.078475
0 0 0 0
0.024663 0.438512
3 5 0 0
0.929287 0.070713 0 0
0.118429 0.703100 0.182162
-0.425105 0.20468 0.881699
0 0 0 0
0.016367 0.367274
3 0 0 0
1 0 0 0
0.111379 0.715902 0.170829
-0.928558 -0.031477 0.36985
0 0 0 0
0.014846 0.387496
3 5 0 0
0.994498 0.005502 0 0
0.112789 0.691578 0.170829
-0.983368 -0.173073 0.055069
0 0 0 0
0.015122 0.352796
3 0 0 0
1 0 0 0
0.140990 0.686458 0.187018
0.165632 0.023662 0.985904
0 0 0 0
0.027844 0.339697
3 0 0 0
1 0 0 0
0.119840 0.678776 0.182162
-0.33148 -0.781346 0.52879
0 0 0 0
0.017058 0.330045
3 0 0 0
1 0 0 0
0.149450 0.724864 0.170829
0.70726 0.290762 0.644392
0 0 0 0
0.040288 0.403812
3 5 0 0
0.982154 0.017846 0 0
0.146630 0.681337 0.172448
0.691521 -0.620798 -0.369335
0 0 0 0
0.035725 0.337399
3 0 0 0
1 0 0 0
0.148040 0.715902 0.164353
0.880145 -0.157169 -0.447931
0 0 0 0
0.042777 0.387496
3 5 0 0
0.995101 0.004899 0 0
0.117019 0.745347 0.164353
-0.45658 0.45658 0.76359
0 0 0 0
0.023972 0.435525
3 5 0 0
0.933172 0.066828 0 0
0.118429 0.754309 0.159496
-0.331408 0.505003 0.796957
0 0 0 0
0.026737 0.450003
3 5 0 0
0.901648 0.098352 0 0
0.111379 0.745347 0.153020
-0.996638 -0.023543 0.078475
0 0 0 0
0.024663 0.438512
3 5 0 0
0.929287 0.070713 0 0
0.136760 0.555876 0.143306
-0.039302 0.974687 -0.220091
0 0 0 0
0.048723 0.122304
2 0 0 0
1 0 0 0
0.132530 0.562277 0.164353
-0.50505 0.860163 0.071023
0 0 0 0
0.03296 0.131726
2 0 0 0
1 0 0 0
0.140990 0.563557 0.162734
0.243966 0.936515 -0.251836
0 0 0 0
0.038076 0.134024
2 0 0 0
1 0 0 0
0.119840 0.548194 0.153020
-0.886773 0.35314 -0.298207
0 0 0 0
0.030609 0.109894
2 0 0 0
1 0 0 0
0.121250 0.544354 0.170829
-0.653037 0.409132 0.637302
0 0 0 0
0.023557 0.102311
2 0 0 0
1 0 0 0
0.115609 0.526431 0.154639
-0.970643 -0.157828 -0.181502
0 0 0 0
0.027014 0.075654
2 0 0 0
1 0 0 0
0.132530 0.548194 0.102831
-0.960303 0.267625 -0.078713
0 0 0 0
0.075272 0.108286
2 5 0 0
0.958379 0.041621 0 0
0.149450 0.560996 0.112545
0.039252 0.981306 0.188411
0 0 0 0
0.078453 0.127359
2 5 0 0
0.972784 0.027216 0 0
0.118429 0.513628 0.185399
-0.763472 0.023613 0.645409
0 0 0 0
0.016781 0.054052
2 0 0 0
1 0 0 0
0.146630 0.567398 0.062357
-0.220009 0.958611 0.180722
0 0 0 0
0.123392 0.140228
2 5 0 0
0.827323 0.172677 0 0
0.138170 0.535392 0.062357
-0.776931 -0.627823 -0.047087
0 0 0 0
0.118829 0.088982
2 5 0 0
0.833659 0.166341 0 0
0.132530 0.555876 0.062357
-0.893204 0.44265 0.079045
0 0 0 0
0.118553 0.123453
2 5 0 0
0.83083 0.16917 0 0
0.129710 0.496986 0.174067
-0.448972 -0.890067 0.078767
0 0 0 0
0.026737 0.029923
2 0 0 0
1 0 0 0
0.132530 0.507227 0.143306
-0.613261 -0.731196 -0.298768
0 0 0 0
0.045543 0.043022
2 0 0 0
1 0 0 0
0.160731 0.522590 0.051024
-0.172955 -0.943392 -0.283018
0 0 0 0
0.138326 0.069449
2 5 0 0
0.76998 0.23002 0 0
0.145220 0.535392 0.023501
-0.528708 -0.797007 -0.291973
0 0 0 0
0.166396 0.090591
2 5 0 0
0.652317 0.347683 0 0
0.153680 0.573799 0.054262
-0.188144 0.940721 0.282216
0 0 0 0
0.135146 0.148272
2 5 0 0
0.783729 0.216271 0 0
0.142400 0.554595 0.013787
-0.978687 0.205209 -0.007893
0 0 0 0
0.179809 0.120695
2 5 0 0
0.5988 0.4012 0 0
0.156500 0.562277 0.080165
0.220664 0.953584 0.204902
0 0 0 0
0.109703 0.134024
2 5 0 0
0.887024 0.112976 0 0
0.156500 0.503387 0.120640
-0.015745 -0.991911 -0.125957
0 0 0 0
0.074443 0.037047
2 5 0 0
0.98034 0.01966 0 0
0.155090 0.507227 0.112545
-0.212224 -0.935357 -0.282965
0 0 0 0
0.08108 0.041413
2 5 0 0
0.967103 0.032897 0 0
0.160731 0.531552 0.025120
-0.094327 -0.958996 -0.267261
0 0 0 0
0.167364 0.083467
2 5 0 0
0.64158 0.35842 0 0
0.145220 0.544354 -0.033164
-0.781639 -0.623732 0
0 0 0 0
0.234981 0.104609
2 5 0 0
0.349127 0.650873 0 0
0.164961 0.507227 0.104450
0.211747 -0.933255 -0.290172
0 0 0 0
0.09228 0.044401
2 5 0 0
0.941356 0.058644 0 0
0.164961 0.504667 0.122259
0.652856 -0.731513 0.196643
0 0 0 0
0.079006 0.039575
2 5 0 0
0.972221 0.027779 0 0
0.167781 0.590441 0.007311
0.126035 0.834982 0.535649
0 0 0 0
0.188106 0.175158
2 5 0 0
0.524292 0.475708 0 0
0.159321 0.601963 -0.015355
-0.221125 0.829217 0.513325
0 0 0 0
0.212442 0.19676
2 5 0 0
0.393402 0.606598 0 0
0.145220 0.604524 -0.039640
-0.679084 0.62381 0.38692
0 0 0 0
0.241895 0.203194
2 5 0 0
0.2756 0.7244 0 0
0.159321 0.539233 -0.057448
-0.055028 -0.998361 -0.015722
0 0 0 0
0.253925 0.094038
2 5 0 0
0.233276 0.766724 0 0
0.125480 0.576359 -0.078495
-0.807775 -0.039212 0.588186
0 0 0 0
0.292089 0.155395
2 5 0 0
0.138158 0.861842 0 0
0.140990 0.537953 -0.088209
-0.039335 -0.999102 0.015734
0 0 0 0
0.291675 0.100702
2 5 0 0
0.116908 0.883092 0 0
0.109969 0.557156 -0.097923
-0.408891 -0.290942 0.864963
0 0 0 0
0.320851 0.122763
2 5 0 0
0.062017 0.937983 0 0
0.157911 0.608364 -0.049353
0.35454 0.874531 0.330904
0 0 0 0
0.247011 0.210548
2 5 0 0
0.232603 0.767397 0 0
0.136760 0.607084 -0.059067
-0.611225 0 0.791457
0 0 0 0
0.265264 0.206412
2 5 0 0
0.190901 0.809099 0 0
0.107149 0.596842 -0.080114
0.481556 -0.61576 0.623654
0 0 0 0
0.305087 0.188717
2 5 0 0
0.07699 0.92301 0 0
0.083179 0.558436 -0.089828
0.690882 -0.596671 0.408248
0 0 0 0
0.337167 0.127359
2 5 0 0
0.014525 0.985475 0 0
0.087409 0.544354 -0.117351
0.015674 -0.932624 0.36051
0 0 0 0
0.353622 0.102081
2 5 0 0
0.007505 0.992495 0 0
0.100099 0.535392 -0.128684
-0.188533 -0.981941 0.015711
0 0 0 0
0.349889 0.094268
2 5 0 0
0.00539 0.99461 0 0
0.139580 0.613485 -0.057448
-0.10279 0.59302 0.7986
0 0 0 0
0.262222 0.218821
2 5 0 0
0.185557 0.814443 0 0
0.129710 0.613485 -0.059067
0.07849 -0.125584 0.988973
0 0 0 0
0.27038 0.21974
2 5 0 0
0.154963 0.845037 0 0
0.145220 0.625007 -0.075257
0.651687 0.675242 0.345473
0 0 0 0
0.277156 0.238354
2 5 0 0
0.108928 0.891072 0 0
0.117019 0.616046 -0.055829
0.489206 -0.576001 0.654905
0 0 0 0
0.273699 0.221808
2 5 0 0
0.109573 0.890427 0 0
0.077538 0.541793 -0.117351
0.220016 -0.974356 0.047146
0 0 0 0
0.364131 0.100243
2 5 0 0
0.001479 0.998521 0 0
0.077538 0.541793 -0.138398
-0.078845 -0.985567 -0.149806
0 0 0 0
0.373949 0.103
5 0 0 0
1 0 0 0
0.136760 0.625007 -0.065543
0.487509 0.542551 0.684086
0 0 0 0
0.272592 0.237435
2 5 0 0
0.12971 0.87029 0 0
0.126890 0.626287 -0.057448
0.78103 -0.039446 0.623246
0 0 0 0
0.27121 0.238584
2 5 0 0
0.117314 0.882686 0 0
-0.053595 0.765831 0.057500
0.094585 0.18917 0.977378
0 0 0 0
0.405752 0.876287
4 5 0 0
0.152393 0.847607 0 0
-0.053595 0.774792 0.052643
0.441287 0.772252 0.457047
0 0 0 0
0.398562 0.888466
4 5 0 0
0.155875 0.844125 0 0
-0.093076 0.787594 0.060738
0.647923 0.458287 0.608415
0 0 0 0
0.374502 0.910757
4 5 0 0
0.369412 0.630588 0 0
-0.095896 0.765831 0.062357
0.290673 -0.510641 0.80917
0 0 0 0
0.372566 0.876746
4 5 0 0
0.403919 0.596081 0 0
-0.073336 0.747908 0.049405
-0.031404 -0.690882 0.722285
0 0 0 0
0.372981 0.847791
4 5 0 0
0.217919 0.782081 0 0
-0.045135 0.756869 0.047786
0.432856 -0.377765 0.818492
0 0 0 0
0.404093 0.861349
4 5 0 0
0.101953 0.898047 0 0
-0.102946 0.751748 0.041310
-0.197612 -0.774637 0.600739
0 0 0 0
0.342422 0.850778
4 5 0 0
0.31627 0.68373 0 0
-0.033855 0.746628 0.036453
0.346081 -0.534853 0.770818
0 0 0 0
0.392893 0.844114
4 5 0 0
0.048281 0.951719 0 0
-0.042315 0.736386 0.031596
0.252974 -0.664058 0.703585
0 0 0 0
0.365652 0.828028
4 5 0 0
0.054045 0.945955 0 0
-0.101536 0.717183 0.002454
-0.29925 -0.629999 0.716624
0 0 0 0
0.280198 0.795856
4 5 0 0
0.063491 0.936509 0 0
-0.063465 0.715902 0.013787
0.023564 -0.70691 0.70691
0 0 0 0
0.303428 0.793558
4 5 0 0
0.041451 0.958549 0 0
-0.063465 0.705661 0.002454
-0.015703 -0.683073 0.730181
0 0 0 0
0.277294 0.775403
4 5 0 0
0.014486 0.985514 0 0
-0.016934 0.737666 0.020263
0.329445 -0.525543 0.784392
0 0 0 0
0.376991 0.828947
4 5 0 0
0.002869 0.997131 0 0
-0.040905 0.727424 0.021882
0.196899 -0.677333 0.708837
0 0 0 0
0.335093 0.812172
4 5 0 0
0.028873 0.971127 0 0
-0.015524 0.763270 0.033215
0.597481 0.377357 0.707544
0 0 0 0
0.433822 0.871691
4 5 0 0
0.011746 0.988254 0 0
-0.004244 0.755589 0.025120
0.488811 -0.094609 0.867245
0 0 0 0
0.470189 0.859281
5 0 0 0
1 0 0 0
-0.004244 0.763270 0.023501
0.45617 0.621335 0.637065
0 0 0 0
0.449862 0.871231
5 0 0 0
1 0 0 0
-0.033855 0.765831 0.042929
0.498464 0.387694 0.775388
0 0 0 0
0.41156 0.876976
4 5 0 0
0.063257 0.936743 0 0
-0.053595 0.774792 0.052643
0.441287 0.772252 0.457047
0 0 0 0
0.398562 0.888466
4 5 0 0
0.155875 0.844125 0 0
-0.090256 0.699260 -0.008879
-0.227579 -0.635651 0.737669
0 0 0 0
0.257797 0.765292
4 5 0 0
0.009681 0.990319 0 0
-0.081796 0.689018 -0.018593
-0.196838 -0.66925 0.716491
0 0 0 0
0.240512 0.745988
5 0 0 0
1 0 0 0
-0.014114 0.767111 0.023501
0.377754 0.873556 0.306925
0 0 0 0
0.401881 0.876976
4 5 0 0
0.005368 0.994632 0 0
-0.033855 0.772232 0.034834
0.408828 0.841243 0.353794
0 0 0 0
0.389712 0.885938
4 5 0 0
0.052965 0.947035 0 0
-0.005654 0.736386 0.015406
0.330187 -0.471696 0.817606
0 0 0 0
0.383628 0.826879
5 0 0 0
1 0 0 0
0.008447 0.746628 0.015406
0.338824 -0.346704 0.87464
0 0 0 0
0.015399 0.438512
5 0 0 0
1 0 0 0
-0.091666 0.687738 -0.020212
-0.15003 -0.584328 0.797529
0 0 0 0
0.242863 0.747137
5 0 0 0
1 0 0 0
-0.104356 0.760710 0.060738
0.455228 -0.745631 0.486623
0 0 0 0
0.36745 0.867324
4 5 0 0
0.437583 0.562417 0 0
-0.015524 0.728705 0.015406
0.258842 -0.541214 0.800055
0 0 0 0
0.331775 0.81355
5 0 0 0
1 0 0 0
-0.053595 0.765831 0.057500
0.094585 0.18917 0.977378
0 0 0 0
0.405752 0.876287
4 5 0 0
0.152393 0.847607 0 0
-0.045135 0.756869 0.047786
0.432856 -0.377765 0.818492
0 0 0 0
0.404093 0.861349
4 5 0 0
0.101953 0.898047 0 0
-0.053595 0.774792 0.052643
0.441287 0.772252 0.457047
0 0 0 0
0.398562 0.888466
4 5 0 0
0.155875 0.844125 0 0
0.028187 0.763270 0.010549
-0.031445 0.770413 0.63677
0 0 0 0
0.173172 0.467238
3 5 0 0
0.011955 0.988045 0 0
0.005626 0.767111 0.004073
0.11799 0.951783 0.283175
0 0 0 0
0.428983 0.473213
5 0 0 0
1 0 0 0
0.005626 0.763270 0.015406
0.267783 0.811225 0.519814
0 0 0 0
-0.078629 0.467697
5 0 0 0
1 0 0 0
0.018317 0.756869 0.015406
0.227719 -0.007852 0.973695
0 0 0 0
0.124084 0.456667
3 5 0 0
0.001835 0.998165 0 0
0.038057 0.758150 0.012168
-0.141491 -0.172934 0.974717
0 0 0 0
0.165705 0.457586
3 5 0 0
0.030395 0.969605 0 0
0.008447 0.746628 0.015406
0.338824 -0.346704 0.87464
0 0 0 0
0.015399 0.438512
5 0 0 0
1 0 0 0
0.007037 0.736386 0.010549
0.290942 -0.408891 0.864963
0 0 0 0
0.116202 0.421967
5 0 0 0
1 0 0 0
0.029597 0.747908 0.008930
0.133618 -0.369415 0.919608
0 0 0 0
0.184234 0.44127
3 5 0 0
0.008573 0.991427 0 0
0.019727 0.728705 0.004073
0.102204 -0.290888 0.951283
0 0 0 0
0.247841 0.409557
5 0 0 0
1 0 0 0
0.038057 0.737666 0.005692
0.039204 -0.313631 0.948735
0 0 0 0
0.2094 0.424954
3 5 0 0
0.011351 0.988649 0 0
0.108559 0.636529 -0.034783
0.511399 0.055074 0.857577
0 0 0 0
0.258073 0.257428
2 5 0 0
0.039024 0.960976 0 0
0.126890 0.626287 -0.057448
0.78103 -0.039446 0.623246
0 0 0 0
0.27121 0.238584
2 5 0 0
0.117314 0.882686 0 0
0.095869 0.617326 -0.034783
0.361947 -0.34621 0.865525
0 0 0 0
0.263466 0.225026
2 5 0 0
0.032569 0.967431 0 0
0.129710 0.613485 -0.059067
0.07849 -0.125584 0.988973
0 0 0 0
0.27038 0.21974
2 5 0 0
0.154963 0.845037 0 0
0.117019 0.616046 -0.055829
0.489206 -0.576001 0.654905
0 0 0 0
0.273699 0.221808
2 5 0 0
0.109573 0.890427 0 0
0.066258 0.577639 -0.038021
0.57303 -0.486683 0.659376
0 0 0 0
0.301354 0.159762
5 0 0 0
1 0 0 0
0.107149 0.596842 -0.080114
0.481556 -0.61576 0.623654
0 0 0 0
0.305087 0.188717
2 5 0 0
0.07699 0.92301 0 0
0.083179 0.558436 -0.089828
0.690882 -0.596671 0.408248
0 0 0 0
0.337167 0.127359
2 5 0 0
0.014525 0.985475 0 0
0.067668 0.546914 -0.078495
0.637065 -0.67639 0.369655
0 0 0 0
0.347815 0.109665
5 0 0 0
1 0 0 0
0.057798 0.555876 -0.046115
0.553312 -0.600739 0.577026
0 0 0 0
0.327765 0.12621
5 0 0 0
1 0 0 0
0.057798 0.540513 -0.080114
0.50951 -0.7917 0.337061
0 0 0 0
0.361089 0.096796
5 0 0 0
1 0 0 0
0.063438 0.539233 -0.088209
0.552192 -0.780957 0.291873
0 0 0 0
0.360813 0.096566
5 0 0 0
1 0 0 0
0.077538 0.541793 -0.117351
0.220016 -0.974356 0.047146
0 0 0 0
0.364131 0.100243
2 5 0 0
0.001479 0.998521 0 0
0.057798 0.532832 -0.106018
0.299538 -0.953791 0.023648
0 0 0 0
0.379342 0.086225
5 0 0 0
1 0 0 0
0.056388 0.536672 -0.088209
0.377812 -0.897304 0.228262
0 0 0 0
0.369801 0.090361
5 0 0 0
1 0 0 0
0.046518 0.531552 -0.106018
0.141352 -0.989461 -0.031411
0 0 0 0
0.393169 0.082778
5 0 0 0
1 0 0 0
0.087409 0.544354 -0.117351
0.015674 -0.932624 0.36051
0 0 0 0
0.353622 0.102081
2 5 0 0
0.007505 0.992495 0 0
0.036647 0.531552 -0.096304
0.047178 -0.998608 0.023589
0 0 0 0
0.402434 0.081629
5 0 0 0
1 0 0 0
-0.002834 0.531552 -0.097923
-0.039338 -0.999195 -0.007868
0 0 0 0
0.464658 0.083008
5 0 0 0
1 0 0 0
0.046518 0.531552 -0.097923
0.189429 -0.978717 0.078929
0 0 0 0
0.38833 0.083237
5 0 0 0
1 0 0 0
0.056388 0.536672 -0.088209
0.377812 -0.897304 0.228262
0 0 0 0
0.369801 0.090361
5 0 0 0
1 0 0 0
-0.032445 0.534112 -0.096304
-0.165262 -0.983703 0.070827
0 0 0 0
0.080389 0.491827
5 0 0 0
1 0 0 0
-0.002834 0.531552 -0.097923
-0.039338 -0.999195 -0.007868
0 0 0 0
0.035449 0.48746
5 0 0 0
1 0 0 0
-0.042315 0.535392 -0.106018
-0.173202 -0.984099 0.039364
0 0 0 0
0.090483 0.494354
5 0 0 0
1 0 0 0
-0.060645 0.541793 -0.097923
-0.431615 -0.839687 0.329597
0 0 0 0
0.117723 0.504466
5 0 0 0
1 0 0 0
-0.060645 0.539233 -0.106018
-0.344995 -0.933054 0.10193
0 0 0 0
0.111916 0.500789
5 0 0 0
1 0 0 0
0.057798 0.532832 -0.106018
0.299538 -0.953791 0.023648
0 0 0 0
0.379342 0.086225
5 0 0 0
1 0 0 0
0.056388 0.536672 -0.088209
0.377812 -0.897304 0.228262
0 0 0 0
0.369801 0.090361
5 0 0 0
1 0 0 0
0.046518 0.531552 -0.106018
0.141352 -0.989461 -0.031411
0 0 0 0
0.393169 0.082778
5 0 0 0
1 0 0 0
-0.095896 0.727424 -0.107637
-0.761493 0.188411 -0.620185
0 0 0 0
0.145931 0.81355
5 0 0 0
1 0 0 0
700
2 1 0
5 4 3
4 7 6
3 4 8
4 6 8
7 1 9
9 10 7
10 6 7
3 8 11
11 8 12
6 12 8
11 12 13
12 6 14
12 14 13
15 6 10
6 15 16
16 17 6
17 14 6
14 18 13
14 17 18
15 10 19
20 15 19
20 16 15
21 17 16
21 22 17
17 22 18
23 16 20
24 21 16
23 24 16
25 18 22
21 24 26
21 26 27
22 21 27
28 25 22
28 22 29
29 22 27
30 24 23
24 31 26
30 31 24
26 31 32
32 27 26
33 27 32
29 27 34
27 33 34
23 35 30
35 23 36
28 29 37
37 29 38
38 29 39
29 34 39
40 34 33
40 39 34
41 33 32
33 42 40
33 41 42
32 31 43
43 44 32
44 45 32
45 41 32
41 45 46
41 46 42
37 38 47
48 45 44
45 49 46
49 45 48
43 50 44
50 51 44
51 48 44
52 50 43
43 31 52
53 49 48
54 51 50
51 55 48
54 55 51
56 53 48
57 54 50
58 57 50
59 58 50
59 50 52
59 52 60
31 61 52
52 61 60
31 30 61
62 57 58
62 58 63
64 58 59
63 58 64
65 59 60
61 66 60
60 66 65
67 64 59
65 68 59
68 67 59
69 66 61
30 70 61
69 61 70
71 63 64
72 64 67
64 72 71
71 73 63
62 63 74
74 63 73
62 74 75
68 65 76
68 76 77
68 77 67
78 67 77
70 79 69
80 73 71
71 72 81
81 80 71
82 73 80
82 83 73
74 73 83
74 83 84
75 74 85
85 74 84
76 86 77
87 77 86
88 80 81
81 89 88
84 83 90
90 83 91
94 93 92
95 92 93
96 95 93
96 93 97
93 98 97
97 98 99
96 97 100
100 97 101
97 99 102
97 102 101
103 96 100
96 103 104
100 105 103
106 102 99
106 107 102
101 102 107
106 99 108
101 107 109
106 108 110
106 110 111
106 112 107
112 106 111
107 112 113
107 113 114
114 109 107
110 115 111
111 115 116
112 111 117
111 116 117
112 118 113
119 118 112
117 119 112
113 120 114
113 118 120
114 120 121
116 122 117
120 123 121
124 120 118
125 118 119
126 119 117
122 127 117
117 127 128
128 129 117
117 129 126
129 130 126
129 128 131
130 129 132
132 133 130
133 134 130
133 132 135
132 136 135
137 136 132
138 136 137
139 133 135
140 133 139
135 141 139
136 142 135
142 141 135
142 136 143
138 144 136
144 143 136
139 141 145
141 146 145
147 144 138
148 147 138
149 144 147
150 145 146
150 146 151
152 147 148
153 149 147
147 152 153
156 155 154
157 154 155
154 157 158
157 159 158
157 160 159
161 157 155
161 155 162
157 161 163
157 163 164
157 164 160
163 165 164
160 164 166
164 165 166
167 160 166
160 167 168
169 160 168
166 165 170
165 171 170
172 167 166
166 170 173
173 172 166
172 174 167
170 175 173
173 176 172
177 174 172
176 178 172
178 177 172
177 179 174
180 178 176
179 177 181
181 177 182
182 177 183
184 183 177
177 178 184
181 182 185
185 182 183
186 178 180
178 186 187
178 187 184
188 183 184
183 188 189
185 183 189
184 187 190
188 184 190
180 191 186
192 191 180
187 186 193
194 186 191
194 193 186
193 195 187
187 195 190
188 190 196
197 188 196
189 188 197
195 198 190
190 198 196
189 197 199
191 192 200
201 191 200
201 194 191
195 202 198
198 202 203
206 205 204
207 204 205
208 204 207
205 209 207
207 209 210
210 208 207
211 209 205
209 211 212
209 212 213
213 210 209
213 212 214
213 215 210
215 213 216
216 213 214
217 208 210
210 215 218
218 217 210
208 217 219
220 217 218
219 217 220
214 221 216
218 215 222
215 216 223
222 215 223
216 224 223
216 221 224
225 220 218
225 218 222
225 222 226
222 223 226
227 224 221
223 224 228
224 227 228
223 228 229
223 229 226
230 226 229
228 227 231
228 232 229
228 231 232
229 233 230
232 233 229
233 234 230
232 231 235
232 235 236
237 232 236
238 232 237
233 232 238
237 236 239
240 233 238
238 241 240
238 242 241
242 238 237
243 237 239
244 242 237
245 244 237
243 245 237
243 239 246
247 240 241
245 248 244
249 244 248
250 248 245
250 245 251
240 247 252
247 253 252
253 254 252
252 254 255
255 254 256
257 255 256
257 258 255
258 259 255
259 260 255
260 252 255
261 258 257
262 259 258
263 260 259
260 263 264
260 264 265
266 252 260
266 260 265
264 267 265
268 267 264
265 267 269
270 266 265
269 270 265
271 267 268
268 272 271
273 267 271
273 274 267
275 269 267
275 267 276
274 276 267
277 269 275
278 270 269
278 269 277
278 279 270
266 270 233
233 270 279
277 280 278
280 279 278
279 280 234
233 279 234
276 281 275
281 282 275
275 282 277
283 274 273
284 283 273
276 274 285
276 286 281
287 286 276
287 276 285
281 288 282
280 277 289
280 290 234
291 290 280
289 291 280
290 292 234
293 283 284
294 287 285
295 283 293
295 274 283
294 285 296
296 285 274
296 274 297
274 295 297
291 298 290
290 299 292
296 300 294
301 300 296
301 296 302
296 297 303
296 303 302
300 301 304
305 301 302
306 305 302
306 302 303
305 307 301
297 308 303
297 309 308
306 303 310
311 303 308
311 310 303
312 307 305
313 305 306
312 305 314
314 305 313
310 315 306
312 314 316
319 318 317
318 319 320
320 319 321
320 322 318
323 318 322
320 321 324
320 325 322
320 324 325
321 326 324
327 323 322
322 325 328
327 322 329
329 322 330
330 322 328
324 331 325
328 325 332
325 331 332
324 326 333
334 331 324
333 334 324
328 332 335
336 330 328
336 328 335
331 337 332
337 335 332
329 330 338
337 339 335
339 336 335
340 330 336
340 336 339
338 330 341
330 342 341
342 330 340
343 339 337
343 344 339
339 345 340
345 339 344
340 345 346
342 340 347
347 340 346
341 342 348
348 342 349
349 342 347
347 346 350
351 350 346
351 346 345
350 352 347
349 347 353
353 347 352
343 354 344
355 354 343
345 344 356
357 349 353
352 358 353
358 357 353
350 351 359
360 350 359
361 352 350
360 361 350
362 359 351
351 345 362
363 352 361
360 363 361
352 364 358
365 360 359
359 366 365
366 359 362
362 345 367
368 366 362
362 369 368
369 362 367
369 370 368
367 370 369
365 366 371
366 368 372
371 366 373
373 366 372
367 374 370
373 372 375
371 373 375
370 376 368
375 377 371
375 372 378
375 378 379
375 380 377
379 380 375
379 378 381
379 382 380
385 384 383
385 386 384
386 385 387
387 385 388
388 385 389
385 390 389
390 391 389
391 392 389
388 389 393
389 392 393
393 394 388
387 388 395
388 396 395
388 394 396
396 394 0
0 395 396
387 395 4
5 387 4
395 0 1
7 4 395
7 395 1
196 198 203
203 397 196
197 196 398
398 196 397
197 398 399
199 197 399
200 400 201
401 194 201
201 400 401
401 400 402
402 403 401
403 404 401
401 404 194
403 402 405
406 405 402
403 405 407
403 408 404
409 408 403
409 403 407
404 410 194
411 404 408
404 411 412
404 412 410
410 413 194
408 409 414
408 415 411
408 414 416
416 417 408
417 415 408
410 412 418
419 410 418
420 416 414
417 416 421
422 416 420
416 422 423
416 423 421
424 419 418
420 425 422
426 419 424
426 427 419
425 420 428
429 428 420
432 431 430
430 431 433
433 434 430
434 433 435
433 431 436
436 437 433
435 433 437
438 436 431
439 437 436
439 436 438
439 438 440
443 442 441
446 445 444
445 447 444
447 445 448
448 449 447
447 449 450
450 444 447
451 444 450
452 449 448
453 451 450
449 454 450
450 454 455
450 455 453
452 456 449
457 449 456
449 458 454
457 458 449
454 458 459
459 455 454
453 455 460
459 461 455
461 460 455
462 453 460
457 456 463
457 463 464
464 458 457
458 465 459
459 465 466
459 466 461
464 467 458
463 468 464
468 467 464
469 460 461
469 461 470
470 461 471
466 471 461
465 472 466
473 471 466
466 472 474
466 474 475
475 473 466
470 471 476
477 476 471
473 477 471
478 477 473
475 478 473
475 479 478
475 480 479
475 474 480
481 480 474
482 476 477
477 478 483
483 482 477
484 476 482
483 478 485
486 479 480
481 487 480
483 488 482
485 489 483
492 491 490
490 493 492
494 493 490
494 490 495
494 496 493
495 497 494
498 494 497
494 499 496
500 499 494
498 500 494
501 499 500
498 497 502
498 502 503
497 495 504
497 505 502
505 497 506
506 497 504
504 495 507
507 495 508
499 277 496
289 277 499
509 499 501
289 499 509
510 509 501
511 506 504
512 504 507
502 505 513
505 514 513
509 515 289
496 277 282
282 516 496
502 513 517
520 519 518
523 522 521
523 521 524
524 521 525
523 524 526
526 524 527
528 524 525
529 524 528
527 524 529
530 528 525
70 30 531
30 532 531
532 533 531
35 532 30
532 35 534
535 533 532
536 533 535
535 537 536
537 538 536
538 539 536
539 540 536
541 540 539
538 542 539
538 543 542
542 543 544
545 542 544
543 37 544
546 544 37
28 37 543
543 547 28
546 37 548
548 37 47
549 548 47
550 546 548
550 551 546
363 553 552
552 352 363
552 364 352
556 555 554
559 558 557
266 233 560
240 560 233
266 560 252
240 252 560
