0
1
submesh_0
1
1
tlou2_0
0
330
0.051499 -0.017462 0.004850
0.799528 0.552201 0.236282
0 0 0 0
0.038141 0.938579
7 0 0 0
1 0 0 0
0.047726 -0.022792 0.012953
0.534901 -0.4576 0.71027
0 0 0 0
0.06567 0.978181
7 0 0 0
1 0 0 0
0.051499 -0.024923 -0.007306
0.603337 -0.740407 -0.296281
0 0 0 0
0.011336 0.944133
7 0 0 0
1 0 0 0
0.036410 -0.028121 -0.001903
-0.205399 -0.976908 0.058834
0 0 0 0
0.024618 0.991946
7 0 0 0
1 0 0 0
0.036410 -0.028121 -0.001903
-0.208623 -0.9761 0.06087
0 0 0 0
0.121211 0.659911
7 0 0 0
1 0 0 0
0.047726 -0.022792 0.012953
0.53646 -0.454071 0.711358
0 0 0 0
0.127973 0.707724
7 0 0 0
1 0 0 0
0.030752 -0.024923 0.003499
-0.775009 -0.596135 0.209725
0 0 0 0
0.105756 0.668363
7 0 0 0
1 0 0 0
0.036410 -0.015330 0.008901
-0.255723 0.207753 0.944163
0 0 0 0
0.097787 0.696857
7 0 0 0
1 0 0 0
0.051499 -0.017462 0.004850
0.800614 0.550429 0.236737
0 0 0 0
0.122177 0.726076
7 0 0 0
1 0 0 0
0.026980 -0.016396 0.002149
-0.819763 -0.471884 0.324522
0 0 0 0
0.085955 0.672226
7 0 0 0
1 0 0 0
0.025094 0.003856 0.007551
0.059869 0.118338 0.991167
0 0 0 0
0.044902 0.701687
7 0 0 0
1 0 0 0
0.036410 0.003856 -0.004604
0.78913 0.488143 -0.372815
0 0 0 0
0.056252 0.742497
7 0 0 0
1 0 0 0
0.047726 -0.018528 -0.010007
0.314424 0.37237 -0.8732
0 0 0 0
0.114691 0.756986
7 0 0 0
1 0 0 0
0.051499 -0.024923 -0.007306
0.599413 -0.742953 -0.297866
0 0 0 0
0.133768 0.753847
7 0 0 0
1 0 0 0
0.019435 0.009185 -0.011357
0.016345 0.052481 -0.998488
0 0 0 0
0.020754 0.772682
0 7 0 0
0.96 0.04 0 0
0.038296 -0.022792 -0.010007
-0.378144 -0.397431 -0.836095
0 0 0 0
0.112518 0.778719
7 0 0 0
1 0 0 0
0.025094 0.020910 -0.000553
0.736965 0.578275 0.349971
0 0 0 0
0.01037 0.732355
0 7 0 0
0.306667 0.693333 0 0
0.019435 0.018778 -0.008656
0.391035 0.451052 -0.802274
0 0 0 0
0.007714 0.749741
0 7 0 0
0.746667 0.253333 0 0
0.017549 0.008119 0.004850
-0.443266 -0.272199 0.854063
0 0 0 0
0.023893 0.692994
0 7 0 0
0.966667 0.033333 0 0
0.017549 0.013449 0.006200
-0.012075 0.222693 0.974814
0 0 0 0
0.016407 0.704102
0 7 0 0
0.96 0.04 0 0
0.036410 -0.028121 -0.001903
-0.205777 -0.97685 0.058488
0 0 0 0
0.125799 0.796589
7 0 0 0
1 0 0 0
0.017549 0.004922 0.000798
-0.77604 -0.431077 0.460364
0 0 0 0
0.02993 0.681403
0 7 0 0
0.72 0.28 0 0
0.021321 -0.006803 -0.003254
-0.810625 -0.563111 -0.160601
0 0 0 0
0.055286 0.664016
7 0 0 0
1 0 0 0
0.017549 0.003856 -0.008656
-0.564941 -0.406169 -0.71824
0 0 0 0
0.030172 0.785722
0 7 0 0
0.72 0.28 0 0
0.021321 -0.006803 -0.003254
-0.810313 -0.5626 -0.163931
0 0 0 0
0.057942 0.797796
7 0 0 0
1 0 0 0
0.026980 -0.016396 0.002149
-0.817696 -0.471753 0.329883
0 0 0 0
0.099478 0.799003
7 0 0 0
1 0 0 0
0.030752 -0.024923 0.003499
-0.776962 -0.594863 0.206079
0 0 0 0
0.110586 0.799245
7 0 0 0
1 0 0 0
0.017549 0.003856 -0.008656
-0.564704 -0.403871 -0.719721
0 0 0 0
0.030172 0.666914
0 7 0 0
0.72 0.28 0 0
-0.039033 -0.027055 -0.001903
0.013688 -0.997338 0.071618
0 0 0 0
0.638711 0.85068
6 0 0 0
1 0 0 0
-0.050349 -0.023858 -0.010007
-0.472975 -0.82264 -0.315528
0 0 0 0
0.607318 0.85551
6 0 0 0
1 0 0 0
-0.033375 -0.020660 -0.003254
0.795044 -0.553193 -0.248765
0 0 0 0
0.642575 0.8246
6 0 0 0
1 0 0 0
-0.044691 -0.019594 -0.011357
0.050347 0.171258 -0.983939
0 0 0 0
0.611182 0.837399
6 0 0 0
1 0 0 0
-0.018286 -0.000408 -0.004604
0.771277 -0.612536 -0.173007
0 0 0 0
0.636538 0.762057
0 6 0 0
0.04 0.96 0 0
-0.056007 -0.017462 -0.005955
-0.920591 0.346213 -0.180691
0 0 0 0
0.589931 0.852612
6 0 0 0
1 0 0 0
-0.056007 -0.021726 0.000798
-0.51166 -0.855836 0.075818
0 0 0 0
0.57834 0.865893
6 0 0 0
1 0 0 0
-0.046577 -0.010001 -0.005955
-0.761236 0.548975 -0.345176
0 0 0 0
0.588482 0.824842
6 0 0 0
1 0 0 0
-0.018286 0.007054 -0.010007
0.157472 -0.016202 -0.987391
0 0 0 0
0.616495 0.747568
0 6 0 0
0.28 0.72 0 0
-0.020172 0.002790 -0.007306
0.788294 0.614626 0.028771
0 0 0 0
0.62712 0.7495
0 6 0 0
0.72 0.28 0 0
-0.052235 -0.021726 0.008901
-0.743407 -0.582394 0.328883
0 0 0 0
0.556124 0.860822
6 0 0 0
1 0 0 0
-0.050349 -0.014264 0.006200
-0.728073 0.646458 0.22804
0 0 0 0
0.5653 0.841262
6 0 0 0
1 0 0 0
-0.025830 0.015581 -0.007306
-0.606497 0.556137 -0.56822
0 0 0 0
0.589207 0.747568
0 6 0 0
0.04 0.96 0 0
-0.025830 0.015581 0.004850
-0.471876 0.530197 0.704432
0 0 0 0
0.560953 0.747085
0 6 0 0
0.04 0.96 0 0
-0.018286 0.012383 -0.011357
-0.471888 0.341262 -0.812934
0 0 0 0
0.605145 0.736943
0 6 0 0
0.96 0.04 0 0
-0.014514 0.021976 -0.001903
-0.046012 0.989071 -0.14008
0 0 0 0
0.575684 0.727042
0 8 0 0
0.2 0.8 0 0
-0.029602 -0.007869 0.007551
-0.096151 0.208685 0.973245
0 0 0 0
0.531975 0.796589
6 0 0 0
1 0 0 0
-0.052235 -0.018528 0.012953
-0.510901 -0.022618 0.859342
0 0 0 0
0.552984 0.851887
6 0 0 0
1 0 0 0
-0.040919 -0.025989 0.008901
0.13492 -0.954473 0.266042
0 0 0 0
0.525938 0.851646
6 0 0 0
1 0 0 0
-0.035261 -0.017462 0.008901
0.537502 -0.100773 0.83722
0 0 0 0
0.5327 0.826291
6 0 0 0
1 0 0 0
-0.016400 0.019844 0.003499
-0.265503 0.708184 0.654205
0 0 0 0
0.564093 0.728008
0 6 8 0
0.665421 0.28 0.054579 0
-0.018286 0.007054 0.007551
0.240812 0.165412 0.956373
0 0 0 0
0.533424 0.746844
0 6 0 0
0.72 0.28 0 0
-0.029602 -0.007869 0.007551
0.372915 -0.219187 0.901605
0 0 0 0
0.531975 0.796589
6 0 0 0
1 0 0 0
-0.033375 -0.020660 -0.003254
0.794521 -0.553287 -0.25022
0 0 0 0
0.502031 0.825808
6 0 0 0
1 0 0 0
-0.018286 0.000658 0.002149
0.807358 -0.481057 0.341698
0 0 0 0
0.520625 0.762781
0 6 0 0
0.04 0.96 0 0
-0.039033 -0.027055 -0.001903
0.011964 -0.997491 0.069769
0 0 0 0
0.50348 0.85068
6 0 0 0
1 0 0 0
-0.018286 -0.000408 -0.004604
0.772291 -0.611166 -0.17333
0 0 0 0
0.505171 0.763506
0 6 0 0
0.04 0.96 0 0
-0.020172 0.002790 -0.007306
0.787276 0.616022 0.026707
0 0 0 0
0.504929 0.753605
0 6 0 0
0.72 0.28 0 0
-0.018286 0.007054 0.007551
0.240084 0.888748 -0.390495
0 0 0 0
0.533424 0.746844
0 6 0 0
0.72 0.28 0 0
0.059043 0.043294 -0.011357
0.905199 -0.347122 -0.245195
0 0 0 0
0.255235 0.990014
2 0 0 0
1 0 0 0
0.043954 0.020910 -0.004604
0.501543 -0.811865 -0.298881
0 0 0 0
0.177477 0.967073
2 8 0 0
0.75872 0.24128 0 0
0.034524 0.019844 -0.004604
-0.224345 -0.056595 -0.972865
0 0 0 0
0.171681 0.94051
2 8 0 0
0.721001 0.278999 0 0
0.053385 0.060349 -0.014058
-0.100242 -0.052907 -0.993555
0 0 0 0
0.297736 0.96321
2 0 0 0
1 0 0 0
0.060929 0.059283 -0.011357
0.941697 0.163919 -0.293831
0 0 0 0
0.298219 0.984701
2 0 0 0
1 0 0 0
0.051499 0.071008 -0.011357
0.390672 0.86645 -0.31087
0 0 0 0
0.326473 0.954033
2 0 0 0
1 0 0 0
0.042068 0.072073 -0.010007
-0.04389 0.986576 -0.157296
0 0 0 0
0.323575 0.926746
2 0 0 0
1 0 0 0
0.030752 0.047558 -0.005955
-0.424333 -0.269184 -0.86457
0 0 0 0
0.243644 0.900425
2 8 0 0
0.2 0.8 0 0
0.028866 0.063546 -0.012708
-0.244224 0.045116 -0.968669
0 0 0 0
0.288318 0.886902
2 8 0 0
0.2 0.8 0 0
0.025094 0.067810 -0.005955
-0.384125 0.919851 -0.07951
0 0 0 0
0.29846 0.877484
2 8 0 0
0.2 0.8 0 0
0.019435 0.028372 -0.001903
0.279915 -0.491887 -0.824436
0 0 0 0
0.176028 0.89149
2 8 0 0
0.229962 0.770038 0 0
0.025094 0.018778 -0.001903
-0.586558 -0.805112 0.088005
0 0 0 0
0.159849 0.918294
2 8 0 0
0.658449 0.341551 0 0
0.019435 0.026240 0.000798
-0.42654 -0.53774 0.727255
0 0 0 0
0.163471 0.889075
2 8 0 0
0.207889 0.792111 0 0
-0.057893 0.055019 -0.008656
-0.928334 -0.054237 -0.36777
0 0 0 0
0.143911 0.925056
3 0 0 0
1 0 0 0
-0.052235 0.068876 -0.004604
-0.349962 0.698924 0.623725
0 0 0 0
0.129422 0.950894
3 0 0 0
1 0 0 0
-0.052235 0.068876 -0.012708
-0.302866 0.506971 -0.807002
0 0 0 0
0.12097 0.948721
3 0 0 0
1 0 0 0
-0.048463 0.057151 -0.011357
0.182795 -0.038873 -0.982382
0 0 0 0
0.117589 0.921917
3 0 0 0
1 0 0 0
-0.052235 0.035833 -0.008656
-0.786855 -0.367698 -0.495638
0 0 0 0
0.143186 0.875552
3 0 0 0
1 0 0 0
-0.027716 0.064612 -0.010007
0.198969 0.222106 -0.954505
0 0 0 0
0.063014 0.929161
3 8 0 0
0.2 0.8 0 0
-0.031488 0.072073 -0.005955
0.46549 0.838989 0.281809
0 0 0 0
0.072673 0.949928
3 0 0 0
1 0 0 0
-0.040919 0.032635 -0.008656
0.452885 0.019912 -0.891347
0 0 0 0
0.118796 0.859615
3 8 0 0
0.894 0.106 0 0
-0.027716 0.036899 -0.003254
-0.05471 -0.229119 -0.97186
0 0 0 0
0.081125 0.858407
3 8 0 0
0.2 0.8 0 0
-0.033375 0.016647 -0.007306
-0.142114 -0.637006 -0.757646
0 0 0 0
0.112518 0.821219
3 8 0 0
0.579833 0.420167 0 0
-0.018286 0.025174 -0.000553
0.542179 -0.228806 -0.808511
0 0 0 0
0.072432 0.820736
8 0 0 0
1 0 0 0
-0.025830 0.017713 0.000798
0.41761 -0.798936 0.432785
0 0 0 0
0.092233 0.80818
3 8 0 0
0.515202 0.484798 0 0
-0.052235 0.068876 -0.004604
-0.348529 0.698923 0.624527
0 0 0 0
0.918832 0.251569
3 0 0 0
1 0 0 0
-0.031488 0.072073 -0.005955
0.465751 0.839428 0.280066
0 0 0 0
0.960367 0.267506
3 0 0 0
1 0 0 0
-0.052235 0.068876 -0.012708
-0.302352 0.507285 -0.806998
0 0 0 0
0.914727 0.254225
3 0 0 0
1 0 0 0
-0.044691 0.065678 -0.003254
0.02217 -0.039916 0.998957
0 0 0 0
0.935736 0.247463
3 0 0 0
1 0 0 0
-0.054121 0.047558 -0.003254
-0.627584 -0.173459 0.75898
0 0 0 0
0.9169 0.203997
3 0 0 0
1 0 0 0
-0.057893 0.055019 -0.008656
-0.928649 -0.057004 -0.366555
0 0 0 0
0.903136 0.22235
3 0 0 0
1 0 0 0
-0.029602 0.049690 -0.001903
-0.258054 0.157466 0.953212
0 0 0 0
0.977754 0.213415
3 8 0 0
0.2 0.8 0 0
-0.029602 0.066744 -0.004604
0.602173 0.351522 0.716812
0 0 0 0
0.980169 0.254225
3 8 0 0
0.2 0.8 0 0
-0.052235 0.035833 -0.008656
-0.787492 -0.362954 -0.498118
0 0 0 0
0.915452 0.176468
3 0 0 0
1 0 0 0
-0.042805 0.027306 -0.000553
-0.762515 -0.568177 0.309429
0 0 0 0
0.945878 0.157633
3 8 0 0
0.82986 0.17014 0 0
-0.025830 0.033701 0.003499
-0.165575 0.005045 0.986184
0 0 0 0
0.987172 0.16367
3 8 0 0
0.216539 0.783461 0 0
-0.033375 0.016647 -0.007306
-0.137889 -0.637207 -0.758257
0 0 0 0
0.952882 0.128414
3 8 0 0
0.579833 0.420167 0 0
-0.025830 0.017713 0.000798
0.421134 -0.797486 0.432044
0 0 0 0
0.974856 0.127689
3 8 0 0
0.515202 0.484798 0 0
-0.018286 0.025174 -0.000553
0.54334 -0.225995 -0.808523
0 0 0 0
0.99659 0.133244
8 0 0 0
1 0 0 0
-0.001311 -0.023858 -0.020811
-0.100778 -0.614028 -0.782824
0 0 0 0
0.799298 0.018058
0 0 0 0
1 0 0 0
0.006233 -0.025989 -0.019461
0.176953 -0.699203 -0.692678
0 0 0 0
0.82079 0.015643
0 0 0 0
1 0 0 0
-0.012628 -0.024923 -0.011357
-0.568827 -0.818657 -0.078973
0 0 0 0
0.78505 0.040032
0 0 0 0
1 0 0 0
0.013777 -0.025989 0.003499
0.211977 -0.785055 0.582026
0 0 0 0
0.861359 0.071666
0 0 0 0
1 0 0 0
0.015663 -0.024923 -0.012708
0.735178 -0.674703 -0.065499
0 0 0 0
0.859427 0.031339
0 0 0 0
1 0 0 0
-0.012628 -0.027055 0.003499
-0.428943 -0.825316 0.367236
0 0 0 0
0.785775 0.073356
0 0 0 0
1 0 0 0
0.010005 -0.007869 0.017005
0.237949 0.001426 0.971277
0 0 0 0
0.848802 0.134209
0 0 0 0
1 0 0 0
0.015663 -0.016396 0.008901
0.591407 -0.48152 0.646821
0 0 0 0
0.868604 0.102576
0 0 0 0
1 0 0 0
0.023208 -0.005737 0.007551
0.655285 0.079499 0.751187
0 0 0 0
0.885025 0.133968
0 0 0 0
1 0 0 0
-0.016400 -0.005737 0.015654
-0.504189 -0.008656 0.86355
0 0 0 0
0.786258 0.137107
0 0 0 0
1 0 0 0
-0.020172 -0.011067 0.008901
-0.720835 -0.195909 0.664844
0 0 0 0
0.769112 0.119721
0 5 0 0
0.961069 0.038931 0 0
-0.023944 -0.003605 0.002149
-0.867747 0.429338 0.250367
0 0 0 0
0.748828 0.140246
0 0 0 0
1 0 0 0
0.000575 0.024108 0.010252
0.132897 0.494387 0.859023
0 0 0 0
0.82562 0.21269
0 8 0 0
0.656 0.344 0 0
0.010005 0.023042 0.004850
0.476026 0.677276 0.560979
0 0 0 0
0.853873 0.216554
0 8 0 0
0.548711 0.451289 0 0
0.017549 0.013449 0.006200
0.590112 0.268494 0.761366
0 0 0 0
0.873916 0.186611
0 7 0 0
0.96 0.04 0 0
0.017549 0.008119 0.004850
0.790138 0.419606 0.44678
0 0 0 0
0.880678 0.172363
0 7 0 0
0.966667 0.033333 0 0
-0.006970 0.021976 0.007551
-0.400842 0.617492 0.676779
0 0 0 0
0.798573 0.21269
0 8 0 0
0.5792 0.4208 0 0
-0.016400 0.019844 0.003499
-0.263067 0.706804 0.656677
0 0 0 0
0.775632 0.208585
0 6 8 0
0.665421 0.28 0.054579 0
-0.018286 0.007054 0.007551
-0.749091 0.230907 0.620923
0 0 0 0
0.765249 0.169465
0 6 0 0
0.72 0.28 0 0
0.025094 0.020910 -0.000553
0.140938 0.937867 0.317083
0 0 0 0
0.873192 0.219693
0 7 0 0
0.306667 0.693333 0 0
0.011891 0.023042 -0.000553
0.251512 0.942123 0.221688
0 0 0 0
0.867396 0.224281
0 8 0 0
0.578948 0.421052 0 0
0.017549 0.004922 0.000798
0.241049 0.9327 -0.268265
0 0 0 0
0.895408 0.164394
0 7 0 0
0.72 0.28 0 0
-0.020172 0.002790 -0.007306
-0.943546 0.200255 -0.263855
0 0 0 0
0.726128 0.160531
0 6 0 0
0.72 0.28 0 0
-0.025830 -0.003605 -0.008656
-0.830093 0.416564 -0.370702
0 0 0 0
0.724438 0.142178
0 5 0 0
0.96 0.04 0 0
-0.014514 0.021976 -0.001903
-0.048616 0.988451 -0.143532
0 0 0 0
0.771527 0.220901
0 8 0 0
0.2 0.8 0 0
0.017549 0.003856 -0.008656
0.121738 0.791905 0.598387
0 0 0 0
0.91038 0.16198
0 7 0 0
0.72 0.28 0 0
0.023208 0.001724 -0.004604
0.573399 0.818578 0.033812
0 0 0 0
0.910622 0.160289
0 7 0 0
0.966667 0.033333 0 0
0.028866 -0.002540 -0.004604
0.898667 0.437729 -0.028123
0 0 0 0
0.914244 0.14894
0 0 0 0
1 0 0 0
-0.029602 0.066744 -0.004604
-0.812204 0.572336 0.11294
0 0 0 0
0.147533 0.850197
3 8 0 0
0.2 0.8 0 0
-0.001311 0.076337 -0.010007
-0.095056 0.921771 -0.375902
0 0 0 0
0.224083 0.889075
8 0 0 0
1 0 0 0
-0.020172 0.067810 -0.014058
-0.414977 0.632517 -0.654001
0 0 0 0
0.166852 0.872655
8 0 0 0
1 0 0 0
-0.006970 0.071008 0.010252
-0.222214 0.672885 0.705583
0 0 0 0
0.21056 0.840538
8 0 0 0
1 0 0 0
-0.018286 0.046492 0.015654
-0.54559 0.159917 0.822653
0 0 0 0
0.181582 0.786688
8 0 0 0
1 0 0 0
-0.029602 0.049690 -0.001903
-0.913356 0.065727 0.401821
0 0 0 0
0.134734 0.806006
3 8 0 0
0.2 0.8 0 0
-0.025830 0.033701 0.003499
-0.900221 -0.415471 0.130329
0 0 0 0
0.144635 0.753122
3 8 0 0
0.216539 0.783461 0 0
0.021321 0.072073 0.002149
0.425242 0.755517 0.498361
0 0 0 0
0.274795 0.85068
8 0 0 0
1 0 0 0
0.017549 0.073139 -0.010007
0.404605 0.847141 -0.344453
0 0 0 0
0.278176 0.875311
8 0 0 0
1 0 0 0
-0.010742 0.042228 0.018355
-0.190582 0.09893 0.976674
0 0 0 0
0.198003 0.772923
8 0 0 0
1 0 0 0
0.008119 0.051821 0.017005
0.135122 0.390309 0.910715
0 0 0 0
0.243644 0.794657
8 0 0 0
1 0 0 0
-0.022058 0.029437 0.014304
-0.838943 -0.466054 0.281013
0 0 0 0
0.172889 0.748293
8 0 0 0
1 0 0 0
-0.010742 0.032635 0.018355
0.078896 -0.045265 0.995855
0 0 0 0
0.198003 0.753847
8 0 0 0
1 0 0 0
-0.012628 0.020910 0.007551
-0.360916 -0.91864 0.160747
0 0 0 0
0.181582 0.719074
8 0 0 0
1 0 0 0
-0.018286 0.025174 -0.000553
-0.630844 -0.771594 -0.081717
0 0 0 0
0.1584 0.718349
8 0 0 0
1 0 0 0
0.025094 0.067810 -0.005955
0.818694 0.503738 -0.275662
0 0 0 0
0.300151 0.857924
2 8 0 0
0.2 0.8 0 0
0.017549 0.048624 0.015654
0.544349 0.085521 0.834488
0 0 0 0
0.264653 0.787171
8 0 0 0
1 0 0 0
0.030752 0.048624 -0.000553
0.926404 -0.126636 0.354596
0 0 0 0
0.311259 0.790793
2 8 0 0
0.2 0.8 0 0
0.002461 0.046492 0.019706
0.15539 0.836188 0.52597
0 0 0 0
0.22674 0.782341
8 0 0 0
1 0 0 0
0.013777 0.033701 0.019706
0.1028 -0.169394 0.980172
0 0 0 0
0.249681 0.754088
8 0 0 0
1 0 0 0
-0.003197 0.023042 0.014304
0.040478 -0.532664 0.845358
0 0 0 0
0.217563 0.732355
8 0 0 0
1 0 0 0
-0.014514 0.021976 -0.001903
-0.518615 -0.850862 -0.084101
0 0 0 0
0.169508 0.705068
0 8 0 0
0.2 0.8 0 0
-0.006970 0.021976 0.007551
0.00893 -0.987492 0.157415
0 0 0 0
0.196796 0.713519
0 8 0 0
0.5792 0.4208 0 0
0.023208 0.031569 0.003499
0.807097 -0.519792 0.280021
0 0 0 0
0.293148 0.736943
2 8 0 0
0.277489 0.722511 0 0
0.000575 0.024108 0.010252
0.06314 -0.953564 0.294498
0 0 0 0
0.224325 0.715934
0 8 0 0
0.656 0.344 0 0
0.008119 0.026240 0.015654
0.035998 -0.75456 0.655243
0 0 0 0
0.238814 0.73477
8 0 0 0
1 0 0 0
0.019435 0.026240 0.000798
0.664571 -0.743602 0.073497
0 0 0 0
0.283971 0.721005
2 8 0 0
0.207889 0.792111 0 0
0.010005 0.023042 0.004850
0.194603 -0.977502 0.081359
0 0 0 0
0.254269 0.709414
0 8 0 0
0.548711 0.451289 0 0
0.011891 0.023042 -0.000553
0.610749 -0.791172 -0.032133
0 0 0 0
0.269241 0.703136
0 8 0 0
0.578948 0.421052 0 0
-0.029602 0.066744 -0.004604
0.601601 0.353998 0.716074
0 0 0 0
0.058425 0.933025
3 8 0 0
0.2 0.8 0 0
-0.027716 0.064612 -0.010007
0.198969 0.222106 -0.954505
0 0 0 0
0.063014 0.929161
3 8 0 0
0.2 0.8 0 0
-0.031488 0.072073 -0.005955
0.46549 0.838989 0.281809
0 0 0 0
0.072673 0.949928
3 0 0 0
1 0 0 0
-0.029602 0.066744 -0.004604
-0.8095 0.576346 0.111964
0 0 0 0
0.305463 0.625862
3 8 0 0
0.2 0.8 0 0
-0.020172 0.067810 -0.014058
-0.416504 0.633204 -0.652362
0 0 0 0
0.327197 0.623447
8 0 0 0
1 0 0 0
-0.027716 0.064612 -0.010007
-0.695175 0.277996 -0.66291
0 0 0 0
0.306429 0.630933
3 8 0 0
0.2 0.8 0 0
-0.025830 0.057151 -0.018110
-0.673054 0.151999 -0.723805
0 0 0 0
0.317779 0.651459
8 0 0 0
1 0 0 0
-0.027716 0.036899 -0.003254
-0.879814 -0.398214 -0.259523
0 0 0 0
0.290733 0.709656
3 8 0 0
0.2 0.8 0 0
-0.001311 0.066744 -0.023512
0.003778 0.547318 -0.836916
0 0 0 0
0.375494 0.632141
8 0 0 0
1 0 0 0
-0.001311 0.076337 -0.010007
-0.096147 0.922942 -0.372738
0 0 0 0
0.379116 0.598092
8 0 0 0
1 0 0 0
0.000575 0.034767 -0.030265
0.063182 -0.32451 -0.94377
0 0 0 0
0.376218 0.70217
8 0 0 0
1 0 0 0
-0.012628 0.028372 -0.022162
-0.396476 -0.510462 -0.763043
0 0 0 0
0.351828 0.718108
8 0 0 0
1 0 0 0
-0.018286 0.025174 -0.000553
-0.633487 -0.769638 -0.079699
0 0 0 0
0.308844 0.748293
8 0 0 0
1 0 0 0
-0.001311 0.020910 -0.015409
0.082958 -0.838124 -0.539135
0 0 0 0
0.376943 0.744187
8 0 0 0
1 0 0 0
-0.014514 0.021976 -0.001903
-0.520225 -0.849687 -0.086009
0 0 0 0
0.320677 0.759401
0 8 0 0
0.2 0.8 0 0
-0.001311 0.066744 -0.023512
0.003778 0.547318 -0.836916
0 0 0 0
0.375494 0.632141
8 0 0 0
1 0 0 0
0.017549 0.073139 -0.010007
0.403399 0.848022 -0.343698
0 0 0 0
0.429828 0.60751
8 0 0 0
1 0 0 0
0.028866 0.063546 -0.012708
0.745509 0.262305 -0.612709
0 0 0 0
0.452286 0.63528
2 8 0 0
0.2 0.8 0 0
0.000575 0.034767 -0.030265
0.063182 -0.32451 -0.94377
0 0 0 0
0.376218 0.70217
8 0 0 0
1 0 0 0
0.025094 0.067810 -0.005955
0.819189 0.501994 -0.277364
0 0 0 0
0.449871 0.621999
2 8 0 0
0.2 0.8 0 0
0.030752 0.047558 -0.005955
0.835971 -0.24964 -0.488705
0 0 0 0
0.46605 0.678263
2 8 0 0
0.2 0.8 0 0
0.010005 0.021976 -0.012708
0.533661 -0.749222 -0.392266
0 0 0 0
0.407128 0.745636
8 0 0 0
1 0 0 0
-0.001311 0.020910 -0.015409
0.082958 -0.838124 -0.539135
0 0 0 0
0.376943 0.744187
8 0 0 0
1 0 0 0
0.019435 0.028372 -0.001903
0.697852 -0.689593 -0.193555
0 0 0 0
0.445766 0.73815
2 8 0 0
0.229962 0.770038 0 0
0.019435 0.026240 0.000798
0.663806 -0.744149 0.07486
0 0 0 0
0.44649 0.743463
2 8 0 0
0.207889 0.792111 0 0
0.011891 0.023042 -0.000553
0.610969 -0.791141 -0.028504
0 0 0 0
0.432967 0.757952
0 8 0 0
0.578948 0.421052 0 0
-0.001311 0.020910 -0.015409
-0.149344 0.216371 -0.964821
0 0 0 0
0.864498 0.640351
8 0 0 0
1 0 0 0
0.010005 0.021976 -0.012708
0.620669 0.547481 -0.56128
0 0 0 0
0.841799 0.644456
8 0 0 0
1 0 0 0
0.002461 0.001724 -0.024863
0.014018 0.26309 -0.964669
0 0 0 0
0.862325 0.584086
0 0 0 0
1 0 0 0
0.019435 0.009185 -0.011357
0.918119 0.391713 -0.060149
0 0 0 0
0.81427 0.612822
0 7 0 0
0.96 0.04 0 0
0.019435 0.018778 -0.008656
0.311006 0.664199 -0.679791
0 0 0 0
0.821031 0.637936
0 7 0 0
0.746667 0.253333 0 0
0.011891 0.023042 -0.000553
0.248821 0.943089 0.220615
0 0 0 0
0.819341 0.658945
0 8 0 0
0.578948 0.421052 0 0
0.025094 0.020910 -0.000553
0.142358 0.937502 0.317528
0 0 0 0
0.81427 0.653391
0 7 0 0
0.306667 0.693333 0 0
0.026980 -0.004671 -0.014058
0.81261 0.383602 -0.438765
0 0 0 0
0.799781 0.583603
0 0 0 0
1 0 0 0
0.002461 -0.016396 -0.024863
-0.003483 -0.171477 -0.985182
0 0 0 0
0.861118 0.539413
0 0 0 0
1 0 0 0
0.023208 0.002790 -0.008656
0.792451 0.60941 -0.025327
0 0 0 0
0.801713 0.60268
0 7 0 0
0.971429 0.028571 0 0
0.028866 -0.002540 -0.004604
0.897874 0.439157 -0.031055
0 0 0 0
0.786982 0.593987
0 0 0 0
1 0 0 0
0.017549 -0.017462 -0.018110
0.755331 -0.440222 -0.485468
0 0 0 0
0.813545 0.548589
0 0 0 0
1 0 0 0
0.023208 0.001724 -0.004604
0.574006 0.81789 0.039657
0 0 0 0
0.789155 0.604129
0 7 0 0
0.966667 0.033333 0 0
0.015663 -0.024923 -0.012708
0.732621 -0.67729 -0.067423
0 0 0 0
0.805093 0.530236
0 0 0 0
1 0 0 0
0.006233 -0.025989 -0.019461
0.170611 -0.698711 -0.694762
0 0 0 0
0.834313 0.518887
0 0 0 0
1 0 0 0
0.017549 0.003856 -0.008656
0.120417 0.792048 0.598464
0 0 0 0
0.801471 0.604854
0 7 0 0
0.72 0.28 0 0
0.019435 0.009185 -0.011357
0.880245 0.474445 0.008412
0 0 0 0
0.81427 0.612822
0 7 0 0
0.96 0.04 0 0
-0.039033 -0.027055 -0.001903
0.012325 -0.997478 0.069893
0 0 0 0
0.020271 0.453687
6 0 0 0
1 0 0 0
-0.056007 -0.021726 0.000798
-0.511283 -0.856375 0.072185
0 0 0 0
0.044419 0.499085
6 0 0 0
1 0 0 0
-0.050349 -0.023858 -0.010007
-0.470373 -0.824212 -0.315316
0 0 0 0
0.011336 0.492082
6 0 0 0
1 0 0 0
-0.052235 -0.021726 0.008901
-0.74322 -0.580458 0.332705
0 0 0 0
0.063738 0.481457
6 0 0 0
1 0 0 0
-0.040919 -0.025989 0.008901
0.133611 -0.954787 0.265574
0 0 0 0
0.049491 0.449582
6 0 0 0
1 0 0 0
-0.018286 0.012383 -0.011357
-0.473191 0.339686 -0.812837
0 0 0 0
0.909656 0.626104
0 6 0 0
0.96 0.04 0 0
-0.014514 0.021976 -0.001903
-0.048475 0.988849 -0.140812
0 0 0 0
0.904585 0.656289
0 8 0 0
0.2 0.8 0 0
-0.001311 0.020910 -0.015409
-0.149344 0.216371 -0.964821
0 0 0 0
0.864498 0.640351
8 0 0 0
1 0 0 0
0.002461 0.001724 -0.024863
0.014018 0.26309 -0.964669
0 0 0 0
0.862325 0.584086
0 0 0 0
1 0 0 0
-0.018286 0.007054 -0.010007
-0.685404 0.3732 -0.625254
0 0 0 0
0.917383 0.614271
0 6 0 0
0.28 0.72 0 0
-0.022058 -0.010001 -0.018110
-0.673689 0.044449 -0.737677
0 0 0 0
0.919798 0.570563
0 5 0 0
0.952 0.048 0 0
0.002461 -0.016396 -0.024863
-0.003483 -0.171477 -0.985182
0 0 0 0
0.861118 0.539413
0 0 0 0
1 0 0 0
-0.001311 -0.023858 -0.020811
-0.105673 -0.612929 -0.78304
0 0 0 0
0.883334 0.521302
0 0 0 0
1 0 0 0
-0.025830 -0.003605 -0.008656
-0.831346 0.413459 -0.37137
0 0 0 0
0.934046 0.594711
0 5 0 0
0.96 0.04 0 0
-0.020172 0.002790 -0.007306
-0.943655 0.199216 -0.264249
0 0 0 0
0.92656 0.609442
0 6 0 0
0.72 0.28 0 0
-0.014514 -0.022792 -0.016760
-0.577898 -0.613003 -0.53876
0 0 0 0
0.916176 0.536273
0 5 0 0
0.994444 0.005556 0 0
-0.012628 -0.024923 -0.011357
-0.57099 -0.817167 -0.078799
0 0 0 0
0.919798 0.520336
0 0 0 0
1 0 0 0
-0.006970 -0.050505 -0.012708
0.423733 -0.255421 -0.869029
0 0 0 0
0.49527 0.710622
5 0 0 0
1 0 0 0
0.000575 -0.051571 -0.001903
0.889284 -0.433954 -0.144423
0 0 0 0
0.506619 0.72511
5 0 0 0
1 0 0 0
-0.018286 -0.057966 -0.010007
-0.062235 -0.839399 -0.539941
0 0 0 0
0.474261 0.712554
5 0 0 0
1 0 0 0
-0.018286 -0.056900 0.010252
0.085182 -0.788039 0.609704
0 0 0 0
0.475709 0.743704
5 0 0 0
1 0 0 0
0.000575 -0.048373 0.006200
0.93157 -0.195359 0.306614
0 0 0 0
0.50831 0.737184
5 0 0 0
1 0 0 0
0.002461 -0.016396 -0.024863
-0.692626 0.6937 -0.197612
0 0 0 0
0.41558 0.073356
0 0 0 0
1 0 0 0
-0.001311 -0.020660 -0.030265
-0.890147 0.449402 -0.075341
0 0 0 0
0.425239 0.042447
0 0 0 0
1 0 0 0
-0.001311 -0.023858 -0.020811
-0.751307 -0.651773 0.10359
0 0 0 0
0.447456 0.072632
0 0 0 0
1 0 0 0
0.000575 -0.027055 -0.035668
0.106884 -0.992882 0.052554
0 0 0 0
0.436831 0.018299
0 0 0 0
1 0 0 0
0.006233 -0.025989 -0.019461
0.679391 -0.733057 -0.03247
0 0 0 0
0.458323 0.068285
0 0 0 0
1 0 0 0
-0.001311 -0.023858 -0.039719
-0.065663 0.949248 -0.307597
0 0 0 0
0.418478 0.015884
0 0 0 0
1 0 0 0
0.002461 -0.016396 -0.024863
0.338297 0.89562 -0.288826
0 0 0 0
0.41558 0.073356
0 0 0 0
1 0 0 0
0.002461 -0.023858 -0.041070
0.98007 0.052425 -0.191612
0 0 0 0
0.40906 0.013469
0 0 0 0
1 0 0 0
0.006233 -0.025989 -0.019461
0.67654 -0.735488 -0.036746
0 0 0 0
0.38298 0.07553
0 0 0 0
1 0 0 0
0.000575 -0.027055 -0.035668
0.108559 -0.992835 0.049942
0 0 0 0
0.390707 0.019024
0 0 0 0
1 0 0 0
-0.001311 -0.023858 -0.039719
-0.064745 0.950366 -0.304323
0 0 0 0
0.402057 0.005018
0 0 0 0
1 0 0 0
0.015663 -0.024923 -0.012708
-0.83437 0.521047 -0.179824
0 0 0 0
0.323333 0.840779
0 0 0 0
1 0 0 0
0.010005 -0.027055 -0.008656
-0.954098 0.259923 -0.148784
0 0 0 0
0.320435 0.829913
0 4 0 0
0.011866 0.988134 0 0
0.013777 -0.025989 0.003499
-0.92781 0.356111 0.111144
0 0 0 0
0.346274 0.84416
0 0 0 0
1 0 0 0
0.017549 -0.029187 0.007551
-0.435474 -0.258519 0.862282
0 0 0 0
0.368249 0.828705
4 0 0 0
1 0 0 0
0.015663 -0.016396 0.008901
-0.451648 0.093584 0.887275
0 0 0 0
0.362937 0.86372
0 0 0 0
1 0 0 0
0.013777 -0.039846 0.008901
-0.12933 0.432054 0.892527
0 0 0 0
0.3668 0.796106
4 0 0 0
1 0 0 0
0.004347 -0.043044 -0.004604
-0.933965 0.316293 -0.166339
0 0 0 0
0.32285 0.78862
4 0 0 0
1 0 0 0
0.023208 -0.035582 0.004850
0.572622 -0.030586 0.819249
0 0 0 0
0.387568 0.81639
4 0 0 0
1 0 0 0
0.026980 -0.017462 0.007551
0.779488 -0.266537 0.566884
0 0 0 0
0.388534 0.861305
0 4 0 0
0.4 0.6 0 0
0.023208 -0.005737 0.007551
0.493233 0.484149 0.722718
0 0 0 0
0.385878 0.885936
0 0 0 0
1 0 0 0
0.002461 -0.047307 0.008901
-0.734036 0.368687 0.570317
0 0 0 0
0.348689 0.777029
4 0 0 0
1 0 0 0
0.021321 -0.048373 0.011603
0.397873 0.352786 0.8469
0 0 0 0
0.386602 0.781375
4 0 0 0
1 0 0 0
0.028866 -0.041978 -0.003254
0.997564 -0.010358 0.068979
0 0 0 0
0.415822 0.80504
4 0 0 0
1 0 0 0
0.028866 -0.002540 -0.004604
0.89793 0.439251 -0.027928
0 0 0 0
0.418719 0.893422
0 0 0 0
1 0 0 0
0.002461 -0.053703 -0.001903
-0.637648 -0.770318 -0.003942
0 0 0 0
0.328404 0.763506
4 0 0 0
1 0 0 0
0.019435 -0.055835 0.010252
-0.263338 -0.770598 0.580372
0 0 0 0
0.389258 0.762057
4 0 0 0
1 0 0 0
0.025094 -0.054769 0.007551
0.775691 -0.341102 0.530992
0 0 0 0
0.40085 0.76906
4 0 0 0
1 0 0 0
0.026980 -0.018528 -0.015409
0.603103 -0.058549 -0.795511
0 0 0 0
0.447939 0.858407
0 4 0 0
0.183754 0.816246 0 0
0.026980 -0.047307 -0.010007
0.730209 -0.371532 -0.573376
0 0 0 0
0.430794 0.794657
4 0 0 0
1 0 0 0
0.023208 -0.059032 -0.005955
0.276764 -0.939377 -0.202416
0 0 0 0
0.432001 0.766162
4 0 0 0
1 0 0 0
0.026980 -0.004671 -0.014058
0.610097 0.636416 -0.471971
0 0 0 0
0.437314 0.889317
0 0 0 0
1 0 0 0
0.013777 -0.024923 -0.016760
-0.575877 0.049971 -0.816008
0 0 0 0
0.475951 0.840779
0 4 0 0
0.407111 0.592889 0 0
0.017549 -0.017462 -0.018110
-0.096045 -0.057406 -0.99372
0 0 0 0
0.470155 0.862513
0 0 0 0
1 0 0 0
0.010005 -0.047307 -0.014058
-0.357343 -0.109058 -0.927584
0 0 0 0
0.471604 0.789103
4 0 0 0
1 0 0 0
0.002461 -0.053703 -0.001903
-0.638105 -0.769939 -0.003963
0 0 0 0
0.489474 0.758435
4 0 0 0
1 0 0 0
0.010005 -0.027055 -0.008656
-0.953881 0.261811 -0.146854
0 0 0 0
0.491889 0.830154
0 4 0 0
0.011866 0.988134 0 0
0.015663 -0.024923 -0.012708
-0.835864 0.518898 -0.179097
0 0 0 0
0.48561 0.844884
0 0 0 0
1 0 0 0
0.004347 -0.043044 -0.004604
-0.934562 0.315677 -0.164139
0 0 0 0
0.496236 0.78379
4 0 0 0
1 0 0 0
0.000575 -0.051571 -0.001903
0.889952 -0.432094 -0.145878
0 0 0 0
0.120245 0.578774
5 0 0 0
1 0 0 0
-0.006970 -0.050505 -0.012708
0.424747 -0.254821 -0.868709
0 0 0 0
0.14874 0.588674
5 0 0 0
1 0 0 0
0.000575 -0.048373 0.006200
0.931834 -0.197139 0.304667
0 0 0 0
0.116865 0.588191
5 0 0 0
1 0 0 0
-0.003197 -0.036648 -0.004604
0.912475 0.401174 0.080307
0 0 0 0
0.118796 0.614996
5 0 0 0
1 0 0 0
-0.012628 -0.024923 -0.011357
0.885523 0.302762 -0.352398
0 0 0 0
0.132078 0.652667
0 0 0 0
1 0 0 0
-0.014514 -0.022792 -0.016760
0.572204 0.042802 -0.818994
0 0 0 0
0.142703 0.662084
0 5 0 0
0.994444 0.005556 0 0
-0.022058 -0.049439 -0.012708
-0.413123 -0.185482 -0.891586
0 0 0 0
0.17796 0.5993
5 0 0 0
1 0 0 0
-0.018286 -0.057966 -0.010007
-0.063903 -0.8407 -0.537717
0 0 0 0
0.178443 0.57974
5 0 0 0
1 0 0 0
-0.027716 -0.045176 0.000798
-0.960929 0.104298 0.256394
0 0 0 0
0.215148 0.610166
5 0 0 0
1 0 0 0
-0.027716 -0.015330 -0.015409
-0.811855 -0.050762 -0.581649
0 0 0 0
0.178201 0.679954
0 5 0 0
0.157672 0.842328 0 0
-0.022058 -0.010001 -0.018110
-0.121595 0.322804 -0.938623
0 0 0 0
0.165886 0.691303
0 5 0 0
0.952 0.048 0 0
-0.018286 -0.056900 0.010252
0.086505 -0.787294 0.610479
0 0 0 0
0.233743 0.575634
5 0 0 0
1 0 0 0
-0.029602 -0.015330 0.000798
-0.966513 0.074644 0.24552
0 0 0 0
0.215873 0.678505
5 0 0 0
1 0 0 0
-0.020172 -0.041978 0.008901
-0.539925 -0.197914 0.818115
0 0 0 0
0.235433 0.609925
5 0 0 0
1 0 0 0
-0.025830 -0.003605 -0.008656
-0.69777 0.707215 -0.11386
0 0 0 0
0.194381 0.703619
0 5 0 0
0.96 0.04 0 0
0.000575 -0.048373 0.006200
0.93251 -0.192716 0.305427
0 0 0 0
0.282281 0.584086
5 0 0 0
1 0 0 0
-0.020172 -0.011067 0.008901
-0.131883 0.183062 0.974215
0 0 0 0
0.243402 0.68744
0 5 0 0
0.961069 0.038931 0 0
-0.023944 -0.003605 0.002149
-0.640616 0.711036 0.289897
0 0 0 0
0.219012 0.70217
0 0 0 0
1 0 0 0
-0.012628 -0.027055 0.003499
0.64289 0.227154 0.731501
0 0 0 0
0.274312 0.656772
0 0 0 0
1 0 0 0
-0.003197 -0.036648 -0.004604
0.912615 0.400747 0.080847
0 0 0 0
0.29194 0.621516
5 0 0 0
1 0 0 0
-0.012628 -0.024923 -0.011357
0.886933 0.299959 -0.351246
0 0 0 0
0.289767 0.65315
0 0 0 0
1 0 0 0
0.002461 -0.053703 -0.001903
-0.63538 -0.772174 -0.006335
0 0 0 0
0.306671 0.179125
4 0 0 0
1 0 0 0
0.019435 -0.055835 0.010252
-0.260639 -0.7691 0.583569
0 0 0 0
0.331302 0.141212
4 0 0 0
1 0 0 0
0.002461 -0.047307 0.008901
-0.73396 0.368121 0.57078
0 0 0 0
0.320435 0.181057
4 0 0 0
1 0 0 0
0.023208 -0.059032 -0.005955
0.27433 -0.939762 -0.203938
0 0 0 0
0.297494 0.133726
4 0 0 0
1 0 0 0
-0.006970 0.021976 0.035913
-0.737342 -0.191528 0.647799
0 0 0 0
0.64668 0.649286
1 0 0 0
1 0 0 0
-0.010742 0.032635 0.018355
-0.975649 -0.177688 -0.128598
0 0 0 0
0.61094 0.689854
8 0 0 0
1 0 0 0
-0.003197 0.023042 0.014304
-0.469249 -0.826801 -0.310172
0 0 0 0
0.592588 0.664258
8 0 0 0
1 0 0 0
0.011891 0.015581 0.029160
0.099206 -0.985194 -0.139827
0 0 0 0
0.614563 0.614271
1 0 0 0
1 0 0 0
0.006233 0.020910 0.044016
-0.242641 -0.396814 0.885248
0 0 0 0
0.649578 0.617893
1 0 0 0
1 0 0 0
0.028866 0.019844 0.029160
0.3081 -0.929832 -0.201213
0 0 0 0
0.605145 0.572495
1 0 0 0
1 0 0 0
0.032638 0.026240 0.034562
0.862236 -0.034593 0.505324
0 0 0 0
0.616736 0.558248
1 0 0 0
1 0 0 0
0.034524 0.028372 0.017005
0.889472 -0.349471 -0.294465
0 0 0 0
0.581238 0.548589
1 0 0 0
1 0 0 0
0.034524 0.034767 0.018355
0.691295 0.720561 -0.053875
0 0 0 0
0.580996 0.539654
1 0 0 0
1 0 0 0
-0.006970 0.021976 0.035913
-0.735597 -0.192579 0.64947
0 0 0 0
0.503722 0.69082
1 0 0 0
1 0 0 0
-0.010742 0.042228 0.018355
-0.889116 0.304829 0.341396
0 0 0 0
0.553226 0.727284
8 0 0 0
1 0 0 0
-0.010742 0.032635 0.018355
-0.976141 -0.175418 -0.127976
0 0 0 0
0.534149 0.733562
8 0 0 0
1 0 0 0
0.004347 0.036899 0.033212
0.210721 0.852122 0.479045
0 0 0 0
0.539944 0.6744
1 0 0 0
1 0 0 0
0.006233 0.020910 0.044016
-0.242855 -0.394633 0.886164
0 0 0 0
0.500099 0.661601
1 0 0 0
1 0 0 0
0.002461 0.046492 0.019706
0.082163 0.713922 0.695388
0 0 0 0
0.573269 0.699755
8 0 0 0
1 0 0 0
0.013777 0.033701 0.019706
0.878604 -0.051025 0.474818
0 0 0 0
0.57834 0.659187
8 0 0 0
1 0 0 0
0.013777 0.031569 0.038614
0.096262 0.854626 0.510243
0 0 0 0
0.530526 0.647113
1 0 0 0
1 0 0 0
0.013777 0.028372 0.027809
0.551143 0.412034 -0.725582
0 0 0 0
0.555641 0.642041
1 0 0 0
1 0 0 0
0.032638 0.026240 0.034562
0.861728 -0.032218 0.506347
0 0 0 0
0.52618 0.602439
1 0 0 0
1 0 0 0
0.023208 0.031569 0.030511
-0.436567 0.887159 -0.149525
0 0 0 0
0.544774 0.620791
1 0 0 0
1 0 0 0
0.021321 0.026240 0.027809
-0.635603 -0.25198 -0.729736
0 0 0 0
0.557814 0.626104
1 0 0 0
1 0 0 0
0.034524 0.034767 0.018355
0.68697 0.724528 -0.055956
0 0 0 0
0.558055 0.581671
1 0 0 0
1 0 0 0
0.025094 0.030503 0.014304
-0.731791 -0.403521 -0.549229
0 0 0 0
0.576408 0.598817
1 0 0 0
1 0 0 0
0.034524 0.028372 0.017005
0.889472 -0.349471 -0.294465
0 0 0 0
0.581238 0.548589
1 0 0 0
1 0 0 0
0.025094 0.030503 0.014304
-0.733292 -0.402159 -0.548226
0 0 0 0
0.569888 0.563561
1 0 0 0
1 0 0 0
0.034524 0.034767 0.018355
0.691295 0.720561 -0.053875
0 0 0 0
0.580996 0.539654
1 0 0 0
1 0 0 0
0.028866 0.019844 0.029160
0.3081 -0.929832 -0.201213
0 0 0 0
0.605145 0.572495
1 0 0 0
1 0 0 0
0.021321 0.026240 0.027809
-0.63611 -0.251 -0.729632
0 0 0 0
0.58969 0.588916
1 0 0 0
1 0 0 0
0.011891 0.015581 0.029160
0.099206 -0.985194 -0.139827
0 0 0 0
0.614563 0.614271
1 0 0 0
1 0 0 0
0.013777 0.028372 0.027809
0.553964 0.405837 -0.726925
0 0 0 0
0.587034 0.606061
1 0 0 0
1 0 0 0
0.008119 0.026240 0.015654
0.46373 -0.79789 -0.385132
0 0 0 0
0.580513 0.645181
8 0 0 0
1 0 0 0
-0.003197 0.023042 0.014304
-0.469249 -0.826801 -0.310172
0 0 0 0
0.592588 0.664258
8 0 0 0
1 0 0 0
0.013777 0.033701 0.019706
0.877871 -0.050527 0.476224
0 0 0 0
0.564817 0.629484
8 0 0 0
1 0 0 0
0.034524 0.019844 -0.004604
-0.225005 -0.058847 -0.972579
0 0 0 0
0.500341 0.927229
2 8 0 0
0.721001 0.278999 0 0
0.043954 0.020910 -0.004604
0.505107 -0.809638 -0.298921
0 0 0 0
0.481988 0.95838
2 8 0 0
0.75872 0.24128 0 0
0.032638 0.020910 0.003499
0.191865 -0.260027 0.946348
0 0 0 0
0.486818 0.926263
2 8 0 0
0.632652 0.367348 0 0
0.025094 0.018778 -0.001903
-0.588722 -0.803945 0.084139
0 0 0 0
0.498892 0.912499
2 8 0 0
0.658449 0.341551 0 0
0.019435 0.026240 0.000798
-0.426199 -0.535169 0.729348
0 0 0 0
0.483196 0.884487
2 8 0 0
0.207889 0.792111 0 0
0.023208 0.031569 0.003499
-0.016797 0.09203 0.995615
0 0 0 0
0.468948 0.891249
2 8 0 0
0.277489 0.722511 0 0
0.055271 0.045426 -0.004604
0.427666 -0.085728 0.899862
0 0 0 0
0.410509 0.973835
2 0 0 0
1 0 0 0
0.059043 0.043294 -0.011357
0.907094 -0.343328 -0.24353
0 0 0 0
0.412441 0.993878
2 0 0 0
1 0 0 0
0.030752 0.048624 -0.000553
0.395192 0.209241 0.89445
0 0 0 0
0.417753 0.900183
2 8 0 0
0.2 0.8 0 0
0.060929 0.059283 -0.011357
0.940951 0.16503 -0.295596
0 0 0 0
0.369457 0.991946
2 0 0 0
1 0 0 0
0.051499 0.069942 -0.004604
0.34307 0.600119 0.722607
0 0 0 0
0.346999 0.955965
2 0 0 0
1 0 0 0
0.032638 0.067810 -0.005955
-0.161759 0.26627 0.950229
0 0 0 0
0.356417 0.909843
2 0 0 0
1 0 0 0
0.025094 0.067810 -0.005955
-0.384156 0.920079 -0.076678
0 0 0 0
0.354002 0.883521
2 8 0 0
0.2 0.8 0 0
0.042068 0.072073 -0.010007
-0.043089 0.986939 -0.155225
0 0 0 0
0.332751 0.935198
2 0 0 0
1 0 0 0
0.051499 0.071008 -0.011357
0.388089 0.868491 -0.3084
0 0 0 0
0.337822 0.96321
2 0 0 0
1 0 0 0
340
2 1 0
1 2 3
6 5 4
7 5 6
5 7 8
6 9 7
7 9 10
8 7 10
11 8 10
11 12 8
12 13 8
14 12 11
12 15 13
12 14 15
16 11 10
11 17 14
17 11 16
18 10 9
10 19 16
10 18 19
13 15 20
18 9 21
21 9 22
23 15 14
23 24 15
15 24 25
25 26 15
15 26 20
21 22 27
30 29 28
30 31 29
30 32 31
29 31 33
33 34 29
33 31 35
36 35 31
32 36 31
37 36 32
34 33 38
35 39 33
39 38 33
40 35 36
39 35 41
41 35 40
42 40 36
43 41 40
43 40 42
41 44 39
39 45 38
45 39 44
38 45 46
45 44 47
47 46 45
48 41 43
49 41 48
49 50 41
46 47 51
47 50 51
51 50 52
52 50 49
46 51 53
54 51 52
55 54 52
55 52 56
59 58 57
60 59 57
61 60 57
60 61 62
63 60 62
64 59 60
60 65 64
60 63 65
63 66 65
67 59 64
68 59 67
68 67 69
72 71 70
70 73 72
70 74 73
72 73 75
72 75 76
73 74 77
78 73 77
78 75 73
74 79 77
80 77 79
80 78 77
79 81 80
84 83 82
82 83 85
86 82 85
87 82 86
86 85 88
85 83 88
83 89 88
87 86 90
86 91 90
86 88 91
92 91 88
90 91 93
93 91 94
94 91 92
95 94 92
98 97 96
99 97 98
100 97 99
101 99 98
99 101 102
99 102 103
104 103 102
101 105 102
105 101 106
107 105 106
102 105 108
102 108 109
110 102 109
104 102 111
102 110 111
108 105 112
105 113 112
107 114 105
113 105 114
115 110 109
109 116 115
111 117 104
107 118 114
119 118 107
112 113 120
122 117 121
117 122 104
123 104 122
126 125 124
127 124 125
124 127 128
124 128 129
129 128 130
131 127 125
132 131 125
128 127 133
127 134 133
127 131 134
135 130 128
135 128 136
136 128 133
137 135 136
137 130 135
137 138 130
132 139 131
140 134 131
131 139 141
140 131 141
133 134 142
142 134 143
140 143 134
140 141 143
137 136 144
138 137 145
146 145 137
137 144 146
147 143 141
148 146 144
144 149 148
149 143 150
150 143 147
148 149 151
151 149 150
151 150 152
155 154 153
158 157 156
159 157 158
158 160 159
157 159 161
162 157 161
163 161 159
159 164 163
164 159 160
165 164 160
166 163 164
167 164 165
166 164 167
169 162 168
168 170 169
168 171 170
170 172 169
171 173 170
171 174 173
171 175 174
174 176 173
177 176 174
174 178 177
181 180 179
182 180 181
182 183 180
183 184 180
185 184 183
182 181 186
187 186 181
186 188 182
186 189 188
186 187 190
188 189 191
192 190 187
187 193 192
188 191 194
188 194 195
198 197 196
197 199 196
200 196 199
203 202 201
203 201 204
201 205 204
205 206 204
204 206 207
206 208 207
206 205 209
205 210 209
208 206 211
211 212 208
215 214 213
216 214 215
216 217 214
220 219 218
219 220 221
222 221 220
223 219 221
219 223 224
224 223 225
225 226 224
227 226 225
227 225 228
231 230 229
232 230 231
232 231 233
230 232 234
234 235 230
232 236 234
232 233 237
237 236 232
237 233 238
239 235 234
240 239 234
240 234 236
237 241 236
236 241 240
237 242 241
242 237 238
239 243 235
244 239 240
240 241 245
240 245 244
242 246 241
245 241 247
247 241 246
244 245 248
248 245 247
242 249 246
247 246 250
249 251 246
250 246 251
250 252 247
247 252 248
252 253 248
254 252 250
251 255 250
255 254 250
256 253 252
252 254 256
259 258 257
259 260 258
261 258 260
262 258 261
262 263 258
263 264 258
263 265 264
265 263 266
263 262 266
262 267 266
265 268 264
266 269 265
265 270 268
269 270 265
271 266 267
269 266 271
272 268 270
270 269 273
269 274 273
271 274 269
275 270 273
275 272 270
272 275 276
277 276 275
280 279 278
278 279 281
284 283 282
285 284 282
282 286 285
285 286 287
288 287 286
289 287 288
290 289 288
293 292 291
292 294 291
291 294 295
292 296 294
294 296 297
295 294 298
294 299 298
294 297 299
295 298 300
299 301 298
298 301 300
302 301 299
300 301 303
301 304 303
301 302 304
307 306 305
306 308 305
306 309 308
310 308 309
311 310 309
311 312 310
310 312 313
314 312 311
317 316 315
317 315 318
318 319 317
317 319 320
320 321 317
321 316 317
322 316 321
323 321 320
321 324 322
325 324 321
326 325 321
326 321 323
327 326 323
326 328 325
328 326 327
328 329 325
324 325 329
