0
1
submesh_0
1
1
tlou2_0
0
650
0.005114 0.196965 0.166346
-0.917869 0.039099 -0.394953
0 0 0 0
0.912541 0.006443
0 0 0 0
1 0 0 0
0.005114 0.232695 0.169330
-0.90552 0.040026 -0.422411
0 0 0 0
0.912541 0.058464
0 0 0 0
1 0 0 0
0.008017 0.232695 0.167838
-0.51933 0.084672 -0.850369
0 0 0 0
0.906036 0.058464
0 0 0 0
1 0 0 0
0.005114 0.208875 0.173806
-0.999995 -0.001395 -0.002903
0 0 0 0
0.921937 0.025316
0 0 0 0
1 0 0 0
0.005114 0.196965 0.185741
-0.968711 -0.038814 -0.245137
0 0 0 0
0.941211 0.006443
0 0 0 0
1 0 0 0
0.005114 0.218800 0.175298
-0.999989 0.004707 0.000427
0 0 0 0
0.921937 0.039833
0 0 0 0
1 0 0 0
0.005114 0.230710 0.188725
-0.97673 0.010326 -0.214222
0 0 0 0
0.941452 0.058464
0 0 0 0
1 0 0 0
0.005114 0.210860 0.181265
-0.999547 0.010532 -0.028197
0 0 0 0
0.93326 0.028219
0 0 0 0
1 0 0 0
0.003663 0.222770 0.187233
-0.819975 0.070121 -0.568088
0 0 0 0
0.941693 0.04564
0 0 0 0
1 0 0 0
-0.000691 0.194980 0.187233
-0.087693 0.045607 -0.995103
0 0 0 0
0.948679 0.006443
0 0 0 0
1 0 0 0
-0.000691 0.230710 0.190216
0.000196 0.09583 -0.995398
0 0 0 0
0.94892 0.058464
0 0 0 0
1 0 0 0
-0.003594 0.222770 0.187233
0.818924 0.070978 -0.569496
0 0 0 0
0.955907 0.04564
0 0 0 0
1 0 0 0
-0.005046 0.230710 0.188725
0.976602 0.012053 -0.214715
0 0 0 0
0.956148 0.058464
0 0 0 0
1 0 0 0
-0.003594 0.204905 0.185741
0.895472 0.039641 -0.443349
0 0 0 0
0.955907 0.019267
0 0 0 0
1 0 0 0
-0.005046 0.196965 0.185741
0.968783 -0.038751 -0.244864
0 0 0 0
0.955907 0.006443
0 0 0 0
1 0 0 0
-0.005046 0.208875 0.179773
0.999556 0.008758 -0.028473
0 0 0 0
0.964098 0.028219
0 0 0 0
1 0 0 0
-0.005046 0.208875 0.173806
0.999996 -0.000419 -0.002872
0 0 0 0
0.975422 0.025074
0 0 0 0
1 0 0 0
-0.005046 0.218800 0.173806
0.999995 0.001521 -0.002783
0 0 0 0
0.975422 0.039591
0 0 0 0
1 0 0 0
-0.005046 0.216815 0.182757
0.999619 -0.006083 -0.026941
0 0 0 0
0.964098 0.036446
0 0 0 0
1 0 0 0
-0.005046 0.232695 0.169330
0.929464 0.031863 -0.367535
0 0 0 0
0.985059 0.058222
0 0 0 0
1 0 0 0
-0.005046 0.196965 0.166346
0.929344 0.036573 -0.3674
0 0 0 0
0.984577 0.006201
0 0 0 0
1 0 0 0
-0.007948 0.232695 0.166346
0.708222 0.063272 -0.703149
0 0 0 0
0.991564 0.058222
0 0 0 0
1 0 0 0
0.005114 0.208875 0.179773
0.999783 0.020803 0.000691
0 0 0 0
0.835686 0.345669
0 0 0 0
1 0 0 0
0.005114 0.208875 0.173806
0.548158 0.689638 0.473205
0 0 0 0
0.826772 0.344459
0 0 0 0
1 0 0 0
0.005114 0.210860 0.181265
0.54944 0.474123 -0.687985
0 0 0 0
0.837855 0.341556
0 0 0 0
1 0 0 0
0.005114 0.208875 0.173806
0.998457 0.024613 0.049771
0 0 0 0
0.826049 0.345669
0 0 0 0
1 0 0 0
0.005114 0.214830 0.170822
0.999999 0.001365 0.000047
0 0 0 0
0.821231 0.337442
0 0 0 0
1 0 0 0
0.005114 0.218800 0.175298
0.547227 -0.754958 0.36136
0 0 0 0
0.826772 0.330426
0 0 0 0
1 0 0 0
0.005114 0.196965 0.185741
0.958498 -0.101437 0.266444
0 0 0 0
0.84701 0.364542
0 0 0 0
1 0 0 0
0.005114 0.196965 0.166346
0.924154 -0.122056 0.361996
0 0 0 0
0.816894 0.364784
0 0 0 0
1 0 0 0
0.000760 0.212845 0.188725
0.054744 -0.074157 0.995743
0 0 0 0
0.855924 0.337442
0 0 0 0
1 0 0 0
0.005114 0.210860 0.181265
0.998043 0.06135 -0.01207
0 0 0 0
0.837855 0.341556
0 0 0 0
1 0 0 0
-0.000691 0.194980 0.187233
-0.000371 -0.171605 0.985166
0 0 0 0
0.855924 0.364542
0 0 0 0
1 0 0 0
0.005114 0.232695 0.169330
0.910424 0.059206 0.409417
0 0 0 0
0.816894 0.310101
0 0 0 0
1 0 0 0
0.005114 0.218800 0.175298
0.999271 -0.033891 0.017567
0 0 0 0
0.826772 0.330426
0 0 0 0
1 0 0 0
0.005114 0.230710 0.188725
0.965143 0.049287 0.25704
0 0 0 0
0.847251 0.309375
0 0 0 0
1 0 0 0
-0.000691 0.230710 0.190216
0 0 1
0 0 0 0
0.855924 0.310343
0 0 0 0
1 0 0 0
-0.005046 0.196965 0.185741
-0.958498 -0.101437 0.266444
0 0 0 0
0.864838 0.364542
0 0 0 0
1 0 0 0
-0.005046 0.230710 0.188725
-0.965143 0.049287 0.25704
0 0 0 0
0.864838 0.309375
0 0 0 0
1 0 0 0
0.008017 0.232695 0.167838
0.168101 -0.077468 0.982721
0 0 0 0
0.811353 0.310101
0 0 0 0
1 0 0 0
0.026885 0.232695 0.166346
0.132467 -0.078089 0.988107
0 0 0 0
0.781479 0.310101
0 0 0 0
1 0 0 0
0.026885 0.196965 0.161870
0.13231 -0.121554 0.983727
0 0 0 0
0.781479 0.364784
0 0 0 0
1 0 0 0
0.008017 0.232695 0.167838
0.010105 0.995203 0.097309
0 0 0 0
0.811594 0.309133
0 0 0 0
1 0 0 0
0.005114 0.232695 0.169330
0.00145 0.995843 0.091075
0 0 0 0
0.816653 0.309133
0 0 0 0
1 0 0 0
0.005114 0.230710 0.188725
-0.036718 0.996441 0.075878
0 0 0 0
0.847251 0.309375
0 0 0 0
1 0 0 0
0.026885 0.232695 0.166346
0.134643 0.987257 0.084828
0 0 0 0
0.781479 0.310101
0 0 0 0
1 0 0 0
-0.005046 0.216815 0.182757
-0.99985 -0.017227 0.001645
0 0 0 0
0.873029 0.332845
0 0 0 0
1 0 0 0
-0.005046 0.232695 0.169330
-0.937044 0.055802 0.344724
0 0 0 0
0.895194 0.310101
0 0 0 0
1 0 0 0
-0.005046 0.208875 0.179773
-0.999822 0.018849 0.000447
0 0 0 0
0.876402 0.345669
0 0 0 0
1 0 0 0
-0.005046 0.196965 0.166346
-0.936407 -0.11318 0.332163
0 0 0 0
0.894953 0.364784
0 0 0 0
1 0 0 0
-0.005046 0.218800 0.173806
-0.999267 -0.034984 0.015541
0 0 0 0
0.885317 0.330426
0 0 0 0
1 0 0 0
-0.005046 0.214830 0.170822
-0.999993 0.002393 -0.002752
0 0 0 0
0.890617 0.337442
0 0 0 0
1 0 0 0
-0.007948 0.232695 0.167838
-0.184431 -0.061341 0.98093
0 0 0 0
0.900736 0.310101
0 0 0 0
1 0 0 0
-0.005046 0.208875 0.173806
-0.998462 0.025677 0.04913
0 0 0 0
0.886039 0.345911
0 0 0 0
1 0 0 0
-0.026817 0.232695 0.164854
-0.093672 -0.062762 0.993623
0 0 0 0
0.93061 0.310343
0 0 0 0
1 0 0 0
-0.029719 0.200935 0.161870
-0.144229 -0.106968 0.983746
0 0 0 0
0.935188 0.360428
0 0 0 0
1 0 0 0
-0.005046 0.208875 0.173806
-0.549968 0.688778 0.472356
0 0 0 0
0.885317 0.344459
0 0 0 0
1 0 0 0
-0.005046 0.218800 0.173806
-0.548709 -0.753594 0.36196
0 0 0 0
0.885317 0.330426
0 0 0 0
1 0 0 0
-0.031171 0.226740 0.164854
-0.148489 -0.065975 0.986711
0 0 0 0
0.936874 0.319053
0 0 0 0
1 0 0 0
-0.007948 0.232695 0.166346
-0.006691 0.996226 0.08654
0 0 0 0
0.900495 0.309133
0 0 0 0
1 0 0 0
-0.026817 0.232695 0.164854
-0.133312 0.98846 0.07193
0 0 0 0
0.93061 0.310343
0 0 0 0
1 0 0 0
-0.005046 0.232695 0.169330
-0.002303 0.996172 0.087381
0 0 0 0
0.895194 0.309133
0 0 0 0
1 0 0 0
-0.005046 0.230710 0.188725
0.040638 0.99659 0.071817
0 0 0 0
0.864838 0.309375
0 0 0 0
1 0 0 0
-0.005046 0.286289 0.173806
0.093075 -0.093806 0.99123
0 0 0 0
0.942656 0.893221
0 0 0 0
1 0 0 0
0.035594 0.351793 0.176789
0.244091 -0.153504 0.957526
0 0 0 0
0.888449 0.993876
0 0 0 0
1 0 0 0
-0.005046 0.351793 0.181265
0.132156 -0.093287 0.98683
0 0 0 0
0.942656 0.993876
0 0 0 0
1 0 0 0
0.066073 0.286289 0.160379
0.381331 -0.100058 0.919008
0 0 0 0
0.829663 0.892979
0 0 0 0
1 0 0 0
-0.005046 0.242620 0.173806
0.074068 -0.079281 0.994097
0 0 0 0
0.942656 0.807326
0 0 0 0
1 0 0 0
0.099455 0.351793 0.149935
0.549692 -0.142569 0.823111
0 0 0 0
0.770637 0.994118
0 0 0 0
1 0 0 0
0.122678 0.286289 0.123081
0.690994 -0.17293 0.701871
0 0 0 0
0.71137 0.892979
0 0 0 0
1 0 0 0
0.096552 0.244605 0.143968
0.551891 -0.103595 0.827457
0 0 0 0
0.770637 0.806842
0 0 0 0
1 0 0 0
0.148803 0.351793 0.099211
0.822556 -0.143463 0.55029
0 0 0 0
0.651862 0.994118
0 0 0 0
1 0 0 0
0.158963 0.242620 0.066389
0.918703 -0.103911 0.381034
0 0 0 0
0.591872 0.806842
0 0 0 0
1 0 0 0
0.174928 0.349808 0.035060
0.97002 -0.147472 0.193167
0 0 0 0
0.531641 0.994118
0 0 0 0
1 0 0 0
0.055913 0.006408 0.136508
0.381527 -0.092442 0.919724
0 0 0 0
0.829663 0.423338
0 0 0 0
1 0 0 0
-0.003594 0.006408 0.146952
0.121059 -0.091878 0.988384
0 0 0 0
0.942656 0.424064
0 0 0 0
1 0 0 0
0.082038 0.006408 0.123081
0.55235 -0.092432 0.828472
0 0 0 0
0.770637 0.423338
0 0 0 0
1 0 0 0
0.122678 0.006408 0.082800
0.82825 -0.095056 0.552238
0 0 0 0
0.651862 0.423338
0 0 0 0
1 0 0 0
0.170574 0.242620 0.000746
0.994901 -0.100854 -0.000376
0 0 0 0
0.471892 0.806842
0 0 0 0
1 0 0 0
0.144449 0.006408 0.029092
0.97706 -0.094345 0.190925
0 0 0 0
0.531641 0.423338
0 0 0 0
1 0 0 0
0.177831 0.351793 0.000746
0.992411 -0.122246 -0.013302
0 0 0 0
0.471892 0.994118
0 0 0 0
1 0 0 0
0.145900 0.000453 0.000746
0.995465 -0.095104 0.002235
0 0 0 0
0.471892 0.423338
0 0 0 0
1 0 0 0
-0.003594 0.006408 0.146952
-0.156456 -0.092816 0.983314
0 0 0 0
0.00956 0.42358
0 0 0 0
1 0 0 0
-0.005046 0.242620 0.173806
-0.093737 -0.08002 0.992376
0 0 0 0
0.00956 0.8066
0 0 0 0
1 0 0 0
-0.055845 0.006408 0.136508
-0.378936 -0.094462 0.920589
0 0 0 0
0.115326 0.423338
0 0 0 0
1 0 0 0
-0.095032 0.242620 0.142476
-0.553513 -0.102421 0.826519
0 0 0 0
0.175556 0.806842
0 0 0 0
1 0 0 0
-0.103741 0.006408 0.103687
-0.70339 -0.094878 0.704444
0 0 0 0
0.235546 0.423338
0 0 0 0
1 0 0 0
-0.066004 0.272394 0.160379
-0.357919 -0.192104 0.913778
0 0 0 0
0.115326 0.86467
0 0 0 0
1 0 0 0
-0.005046 0.286289 0.173806
-0.162833 -0.175346 0.970948
0 0 0 0
0.00956 0.892254
0 0 0 0
1 0 0 0
-0.142929 0.256514 0.096227
-0.823576 -0.14045 0.549542
0 0 0 0
0.295054 0.834425
0 0 0 0
1 0 0 0
-0.142929 0.242620 0.094735
-0.826992 -0.10011 0.55323
0 0 0 0
0.295054 0.806842
0 0 0 0
1 0 0 0
-0.137123 0.006408 0.055946
-0.920315 -0.092982 0.379966
0 0 0 0
0.354321 0.423338
0 0 0 0
1 0 0 0
-0.068907 0.351793 0.164854
-0.37652 -0.14188 0.91548
0 0 0 0
0.115326 0.994118
0 0 0 0
1 0 0 0
-0.100838 0.351793 0.149935
-0.551737 -0.087458 0.82942
0 0 0 0
0.175556 0.994118
0 0 0 0
1 0 0 0
-0.005046 0.351793 0.181265
-0.16769 -0.095164 0.981236
0 0 0 0
0.00956 0.993392
0 0 0 0
1 0 0 0
-0.161797 0.250559 0.066389
-0.910859 0.166463 0.377658
0 0 0 0
0.354321 0.819424
0 0 0 0
1 0 0 0
-0.171956 0.242620 0.000746
-0.994832 -0.101511 0.002218
0 0 0 0
0.471892 0.806842
0 0 0 0
1 0 0 0
-0.170505 0.256514 0.000746
-0.999955 -0.009431 0.000507
0 0 0 0
0.471892 0.834425
0 0 0 0
1 0 0 0
-0.177762 0.349808 0.035060
-0.970921 -0.143188 0.19186
0 0 0 0
0.413348 0.994118
0 0 0 0
1 0 0 0
-0.148734 0.351793 0.099211
-0.828676 -0.088195 0.552736
0 0 0 0
0.295054 0.994118
0 0 0 0
1 0 0 0
-0.147283 0.006408 0.000746
-0.995452 -0.095256 -0.000865
0 0 0 0
0.471892 0.423338
0 0 0 0
1 0 0 0
-0.179213 0.351793 -0.000746
-0.989615 -0.143743 0.000424
0 0 0 0
0.471892 0.994118
0 0 0 0
1 0 0 0
-0.173408 0.357748 0.000746
0.99557 0.094024 0.000389
0 0 0 0
0.004983 0.36309
0 0 0 0
1 0 0 0
-0.170505 0.357748 0.033568
0.975936 0.095467 -0.196051
0 0 0 0
0.040398 0.36309
0 0 0 0
1 0 0 0
-0.141477 0.016333 -0.000746
0.995558 0.094147 0.000447
0 0 0 0
0.004983 0.003297
0 0 0 0
1 0 0 0
-0.140026 0.014348 0.027600
0.976746 0.092958 -0.193201
0 0 0 0
0.040398 0.003297
0 0 0 0
1 0 0 0
-0.144380 0.357748 0.096227
0.829918 0.092619 -0.550144
0 0 0 0
0.111471 0.36309
0 0 0 0
1 0 0 0
-0.118255 0.014348 0.078324
0.827823 0.092166 -0.553367
0 0 0 0
0.111471 0.003297
0 0 0 0
1 0 0 0
-0.100838 0.014348 0.100703
0.703609 0.092091 -0.704595
0 0 0 0
0.147127 0.003297
0 0 0 0
1 0 0 0
-0.096484 0.357748 0.143968
0.5531 0.095631 -0.827608
0 0 0 0
0.182543 0.36309
0 0 0 0
1 0 0 0
-0.054393 0.014348 0.132033
0.379996 0.095797 -0.920014
0 0 0 0
0.2182 0.003297
0 0 0 0
1 0 0 0
-0.034074 0.357748 0.170822
0.163247 0.089433 -0.982523
0 0 0 0
0.253856 0.36309
0 0 0 0
1 0 0 0
-0.000691 0.014348 0.142476
0.001705 0.093727 -0.995597
0 0 0 0
0.292645 0.003297
0 0 0 0
1 0 0 0
0.034142 0.357748 0.170822
-0.178287 0.092519 -0.979619
0 0 0 0
0.324447 0.36309
0 0 0 0
1 0 0 0
0.054462 0.014348 0.132033
-0.379996 0.095797 -0.920014
0 0 0 0
0.359863 0.003297
0 0 0 0
1 0 0 0
0.096552 0.357748 0.143968
-0.55455 0.095533 -0.826648
0 0 0 0
0.395278 0.36309
0 0 0 0
1 0 0 0
0.100907 0.014348 0.100703
-0.704966 0.092981 -0.70312
0 0 0 0
0.430453 0.003297
0 0 0 0
1 0 0 0
0.144449 0.357748 0.096227
-0.828914 0.093526 -0.551502
0 0 0 0
0.465628 0.36309
0 0 0 0
1 0 0 0
0.131386 0.014348 0.054454
-0.919527 0.093588 -0.381721
0 0 0 0
0.500803 0.003297
0 0 0 0
1 0 0 0
0.170574 0.357748 0.033568
-0.976325 0.09552 -0.194077
0 0 0 0
0.535978 0.36309
0 0 0 0
1 0 0 0
0.141546 0.014348 0.000746
-0.995574 0.093972 0.001176
0 0 0 0
0.570912 0.003297
0 0 0 0
1 0 0 0
0.173477 0.357748 -0.000746
-0.99557 0.094024 0.000389
0 0 0 0
0.570912 0.36309
0 0 0 0
1 0 0 0
0.177831 0.351793 0.000746
0.645067 -0.764126 0.000862
0 0 0 0
0.005705 0.39769
0 0 0 0
1 0 0 0
0.185088 0.355763 -0.000746
0.969457 0.245257 0.001698
0 0 0 0
0.005705 0.405675
0 0 0 0
1 0 0 0
0.174928 0.349808 0.035060
0.629858 -0.76646 0.125768
0 0 0 0
0.055817 0.39769
0 0 0 0
1 0 0 0
0.172025 0.355763 0.070865
0.891189 0.266686 0.366963
0 0 0 0
0.115326 0.405433
0 0 0 0
1 0 0 0
0.148803 0.351793 0.099211
0.536301 -0.765653 0.355185
0 0 0 0
0.175556 0.397206
0 0 0 0
1 0 0 0
0.170574 0.357748 0.033568
0.184095 0.982904 0.002979
0 0 0 0
0.055817 0.420192
0 0 0 0
1 0 0 0
0.173477 0.357748 -0.000746
-0.485791 0.874071 -0.002859
0 0 0 0
0.005705 0.420192
0 0 0 0
1 0 0 0
0.131386 0.355763 0.132033
0.683139 0.265955 0.68014
0 0 0 0
0.235546 0.405191
0 0 0 0
1 0 0 0
0.144449 0.357748 0.096227
0.171415 0.982462 0.073386
0 0 0 0
0.175556 0.420434
0 0 0 0
1 0 0 0
0.099455 0.351793 0.149935
0.356698 -0.765983 0.534824
0 0 0 0
0.295054 0.396964
0 0 0 0
1 0 0 0
0.071879 0.355763 0.172314
0.370831 0.266951 0.889507
0 0 0 0
0.354321 0.405191
0 0 0 0
1 0 0 0
0.096552 0.357748 0.143968
0.13077 0.982069 0.135794
0 0 0 0
0.295054 0.420434
0 0 0 0
1 0 0 0
0.035594 0.351793 0.176789
0.122814 -0.757407 0.641289
0 0 0 0
0.413348 0.39769
0 0 0 0
1 0 0 0
0.002211 0.355763 0.182757
0.048616 0.332888 0.941713
0 0 0 0
0.471892 0.406884
0 0 0 0
1 0 0 0
0.034142 0.357748 0.170822
0.041564 0.973151 0.226384
0 0 0 0
0.413348 0.420192
0 0 0 0
1 0 0 0
-0.005046 0.351793 0.181265
-0.019581 -0.572875 0.819409
0 0 0 0
0.482975 0.39769
0 0 0 0
1 0 0 0
-0.034074 0.357748 0.170822
-0.031595 0.984468 0.172697
0 0 0 0
0.531641 0.420192
0 0 0 0
1 0 0 0
-0.035525 0.355763 0.181265
-0.18469 0.332524 0.924834
0 0 0 0
0.531641 0.405917
0 0 0 0
1 0 0 0
-0.068907 0.351793 0.164854
-0.243037 -0.764979 0.596439
0 0 0 0
0.591872 0.397932
0 0 0 0
1 0 0 0
-0.070359 0.355763 0.170822
-0.366993 0.265981 0.891387
0 0 0 0
0.591872 0.405675
0 0 0 0
1 0 0 0
-0.096484 0.357748 0.143968
-0.121333 0.975503 0.1835
0 0 0 0
0.651862 0.41995
0 0 0 0
1 0 0 0
-0.100838 0.351793 0.149935
-0.355856 -0.765507 0.536065
0 0 0 0
0.651862 0.398174
0 0 0 0
1 0 0 0
-0.131317 0.355763 0.132033
-0.681127 0.265032 0.682513
0 0 0 0
0.71137 0.405917
0 0 0 0
1 0 0 0
-0.144380 0.357748 0.096227
-0.178976 0.97624 0.122163
0 0 0 0
0.770637 0.41995
0 0 0 0
1 0 0 0
-0.148734 0.351793 0.099211
-0.532827 -0.766712 0.358118
0 0 0 0
0.770637 0.398416
0 0 0 0
1 0 0 0
-0.171956 0.355763 0.070865
-0.890348 0.267617 0.368324
0 0 0 0
0.829663 0.406159
0 0 0 0
1 0 0 0
-0.170505 0.357748 0.033568
-0.21777 0.97503 0.043506
0 0 0 0
0.888449 0.41995
0 0 0 0
1 0 0 0
-0.185019 0.355763 -0.000746
-0.962572 0.271015 0.002354
0 0 0 0
0.942656 0.406401
0 0 0 0
1 0 0 0
-0.173408 0.357748 0.000746
0.485791 0.874071 -0.002859
0 0 0 0
0.942656 0.419708
0 0 0 0
1 0 0 0
-0.177762 0.349808 0.035060
-0.629858 -0.76646 0.125768
0 0 0 0
0.888449 0.3989
0 0 0 0
1 0 0 0
-0.148734 0.351793 0.099211
-0.532827 -0.766712 0.358118
0 0 0 0
0.770637 0.398416
0 0 0 0
1 0 0 0
-0.179213 0.351793 -0.000746
-0.64478 -0.764368 0.000345
0 0 0 0
0.942656 0.3989
0 0 0 0
1 0 0 0
-0.000691 0.020303 -0.000746
-0.000003 1 -0.000003
0 0 0 0
0.765819 0.153312
0 0 0 0
1 0 0 0
0.131386 0.014348 0.054454
0.029353 0.999503 0.011523
0 0 0 0
0.822436 0.016847
0 0 0 0
1 0 0 0
0.141546 0.014348 0.000746
0.033217 0.999447 0.001615
0 0 0 0
0.765819 0.005717
0 0 0 0
1 0 0 0
0.100907 0.014348 0.100703
0.025476 0.99935 0.025524
0 0 0 0
0.870138 0.049028
0 0 0 0
1 0 0 0
0.054462 0.014348 0.132033
0.011715 0.999499 0.029408
0 0 0 0
0.902181 0.096935
0 0 0 0
1 0 0 0
-0.000691 0.014348 0.142476
0.001852 0.999507 0.031347
0 0 0 0
0.913505 0.153312
0 0 0 0
1 0 0 0
-0.054393 0.014348 0.132033
-0.011933 0.9995 0.029285
0 0 0 0
0.902181 0.20993
0 0 0 0
1 0 0 0
-0.100838 0.014348 0.100703
-0.025476 0.99935 0.025524
0 0 0 0
0.870138 0.257838
0 0 0 0
1 0 0 0
-0.118255 0.014348 0.078324
-0.027438 0.9995 0.015713
0 0 0 0
0.847973 0.276227
0 0 0 0
1 0 0 0
-0.140026 0.014348 0.027600
-0.033308 0.9994 0.009464
0 0 0 0
0.794488 0.298245
0 0 0 0
1 0 0 0
-0.141477 0.016333 -0.000746
-0.03339 0.999442 0.00126
0 0 0 0
0.765819 0.301149
0 0 0 0
1 0 0 0
-0.148734 0.000453 -0.000746
0.736551 -0.676363 0.005085
0 0 0 0
0.005705 0.382447
0 0 0 0
1 0 0 0
-0.145831 0.006408 0.000746
0.868895 -0.494997 -0.000362
0 0 0 0
0.005705 0.392125
0 0 0 0
1 0 0 0
-0.145831 0.002438 0.029092
0.718207 -0.681215 -0.141858
0 0 0 0
0.055817 0.384624
0 0 0 0
1 0 0 0
-0.134220 0.006408 0.055946
0.800959 -0.497264 -0.333456
0 0 0 0
0.115326 0.392125
0 0 0 0
1 0 0 0
-0.137123 0.000453 0.055946
0.677562 -0.680887 -0.278033
0 0 0 0
0.115326 0.384624
0 0 0 0
1 0 0 0
-0.147283 0.000453 0.029092
-0.89671 -0.405579 0.17725
0 0 0 0
0.055817 0.382447
0 0 0 0
1 0 0 0
-0.148734 0.000453 -0.000746
-0.914565 -0.40444 -0.000054
0 0 0 0
0.005705 0.382447
0 0 0 0
1 0 0 0
-0.138574 0.000453 0.057438
-0.842154 -0.412206 0.347654
0 0 0 0
0.115326 0.382447
0 0 0 0
1 0 0 0
-0.122609 0.002438 0.082800
0.606418 -0.684513 -0.404597
0 0 0 0
0.175556 0.384624
0 0 0 0
1 0 0 0
-0.102289 0.006408 0.102195
0.613216 -0.498716 -0.612575
0 0 0 0
0.235546 0.392125
0 0 0 0
1 0 0 0
-0.137123 0.006408 0.055946
-0.793003 0.541689 0.278783
0 0 0 0
0.115326 0.37301
0 0 0 0
1 0 0 0
-0.147283 0.006408 0.000746
-0.781224 0.616579 0.097568
0 0 0 0
0.005705 0.37301
0 0 0 0
1 0 0 0
-0.125512 0.000453 0.082800
-0.758301 -0.411886 0.505302
0 0 0 0
0.175556 0.382447
0 0 0 0
1 0 0 0
-0.103741 0.000453 0.103687
0.517806 -0.68087 -0.517971
0 0 0 0
0.235546 0.384624
0 0 0 0
1 0 0 0
-0.103741 0.006408 0.103687
-0.626665 0.539704 0.562148
0 0 0 0
0.235546 0.37301
0 0 0 0
1 0 0 0
-0.105192 0.000453 0.105179
-0.646159 -0.410326 0.643516
0 0 0 0
0.235546 0.382447
0 0 0 0
1 0 0 0
-0.081970 0.002438 0.123081
0.407575 -0.682775 -0.606384
0 0 0 0
0.295054 0.384624
0 0 0 0
1 0 0 0
-0.055845 0.006408 0.133525
0.333642 -0.495056 -0.802248
0 0 0 0
0.354321 0.392125
0 0 0 0
1 0 0 0
-0.083421 0.000453 0.124573
-0.506164 -0.414876 0.756092
0 0 0 0
0.295054 0.382447
0 0 0 0
1 0 0 0
-0.055845 0.000453 0.136508
0.279859 -0.684353 -0.673305
0 0 0 0
0.354321 0.384624
0 0 0 0
1 0 0 0
-0.055845 0.006408 0.136508
-0.364299 0.53896 0.759479
0 0 0 0
0.354321 0.37301
0 0 0 0
1 0 0 0
-0.057296 0.000453 0.138000
-0.349277 -0.413869 0.840665
0 0 0 0
0.354321 0.382447
0 0 0 0
1 0 0 0
-0.028268 0.002438 0.145460
0.14429 -0.683743 -0.715316
0 0 0 0
0.413348 0.384624
0 0 0 0
1 0 0 0
-0.029719 0.000453 0.146952
-0.184735 -0.415661 0.890561
0 0 0 0
0.413348 0.382447
0 0 0 0
1 0 0 0
-0.000691 0.006408 0.145460
-0.000569 -0.51684 -0.856082
0 0 0 0
0.471892 0.392125
0 0 0 0
1 0 0 0
-0.000691 0.000453 0.148443
0.001986 -0.731531 -0.681805
0 0 0 0
0.471892 0.384624
0 0 0 0
1 0 0 0
-0.003594 0.006408 0.146952
-0.000902 0.511254 0.85943
0 0 0 0
0.468037 0.369623
0 0 0 0
1 0 0 0
-0.000691 0.000453 0.148443
-0.000472 -0.995324 -0.096592
0 0 0 0
0.471892 0.384624
0 0 0 0
1 0 0 0
0.029788 0.002438 0.148443
0.182423 -0.414332 0.891657
0 0 0 0
0.531641 0.382447
0 0 0 0
1 0 0 0
0.029788 0.002438 0.146952
-0.14152 -0.684117 -0.715511
0 0 0 0
0.531641 0.384624
0 0 0 0
1 0 0 0
0.080587 0.006408 0.121589
-0.483238 -0.494157 -0.722696
0 0 0 0
0.651862 0.392125
0 0 0 0
1 0 0 0
0.055913 0.006408 0.136508
0.279277 0.53934 0.794428
0 0 0 0
0.591872 0.37301
0 0 0 0
1 0 0 0
0.057365 0.000453 0.138000
0.34818 -0.414957 0.840584
0 0 0 0
0.591872 0.382447
0 0 0 0
1 0 0 0
0.055913 0.000453 0.136508
-0.280355 -0.683117 -0.674353
0 0 0 0
0.591872 0.384624
0 0 0 0
1 0 0 0
0.082038 0.006408 0.123081
0.428233 0.540245 0.724398
0 0 0 0
0.651862 0.37301
0 0 0 0
1 0 0 0
0.083490 0.000453 0.124573
0.505816 -0.414775 0.756381
0 0 0 0
0.651862 0.382447
0 0 0 0
1 0 0 0
0.082038 0.000453 0.123081
-0.408968 -0.679736 -0.608855
0 0 0 0
0.651862 0.384624
0 0 0 0
1 0 0 0
0.106712 0.000453 0.106670
0.641326 -0.414283 0.64581
0 0 0 0
0.71137 0.382447
0 0 0 0
1 0 0 0
0.105261 0.002438 0.105179
-0.518158 -0.681106 -0.517307
0 0 0 0
0.71137 0.384624
0 0 0 0
1 0 0 0
0.121226 0.006408 0.081308
-0.726501 -0.492797 -0.478902
0 0 0 0
0.770637 0.392125
0 0 0 0
1 0 0 0
0.122678 0.006408 0.082800
0.671608 0.539995 0.507295
0 0 0 0
0.770637 0.37301
0 0 0 0
1 0 0 0
0.124129 0.000453 0.082800
0.756416 -0.4121 0.507947
0 0 0 0
0.770637 0.382447
0 0 0 0
1 0 0 0
0.122678 0.000453 0.081308
-0.611217 -0.678861 -0.406893
0 0 0 0
0.770637 0.384624
0 0 0 0
1 0 0 0
0.138643 0.000453 0.057438
0.842154 -0.412206 0.347654
0 0 0 0
0.829663 0.382447
0 0 0 0
1 0 0 0
0.137192 0.002438 0.057438
-0.679444 -0.678745 -0.278679
0 0 0 0
0.829663 0.384624
0 0 0 0
1 0 0 0
0.141546 0.006408 0.027600
-0.851774 -0.495508 -0.170155
0 0 0 0
0.888449 0.392125
0 0 0 0
1 0 0 0
0.144449 0.006408 0.029092
0.814051 0.541977 0.208762
0 0 0 0
0.888449 0.37301
0 0 0 0
1 0 0 0
0.145900 0.000453 0.029092
0.893283 -0.411772 0.18025
0 0 0 0
0.888449 0.382447
0 0 0 0
1 0 0 0
0.144449 0.000453 0.029092
-0.720724 -0.678024 -0.144364
0 0 0 0
0.888449 0.384624
0 0 0 0
1 0 0 0
0.145900 0.000453 0.000746
0.913335 -0.407208 -0.001169
0 0 0 0
0.942656 0.382447
0 0 0 0
1 0 0 0
0.147351 0.000453 -0.000746
-0.735285 -0.677757 -0.001361
0 0 0 0
0.942656 0.384624
0 0 0 0
1 0 0 0
-0.000691 0.212845 -0.188724
0.001323 -0.089845 -0.995955
0 0 0 0
0.855924 0.337442
0 0 0 0
1 0 0 0
-0.005046 0.216815 -0.181265
-0.997981 -0.058502 0.024736
0 0 0 0
0.874234 0.333571
0 0 0 0
1 0 0 0
-0.005046 0.230710 -0.188724
-0.964847 0.049384 -0.25813
0 0 0 0
0.864838 0.309375
0 0 0 0
1 0 0 0
-0.005046 0.208875 -0.179773
-0.999851 0.016922 -0.003383
0 0 0 0
0.876402 0.345669
0 0 0 0
1 0 0 0
-0.005046 0.196965 -0.185741
-0.957904 -0.104072 -0.267562
0 0 0 0
0.864838 0.364542
0 0 0 0
1 0 0 0
-0.005046 0.232695 -0.169330
-0.936473 0.057037 -0.346072
0 0 0 0
0.895194 0.310101
0 0 0 0
1 0 0 0
-0.005046 0.218800 -0.173805
-0.999153 -0.037947 -0.015931
0 0 0 0
0.885317 0.330426
0 0 0 0
1 0 0 0
-0.005046 0.214830 -0.170822
-0.999995 -0.001291 0.002897
0 0 0 0
0.890617 0.337442
0 0 0 0
1 0 0 0
-0.005046 0.208875 -0.173805
-0.998482 0.023135 -0.049993
0 0 0 0
0.886039 0.345911
0 0 0 0
1 0 0 0
-0.005046 0.196965 -0.166346
-0.936542 -0.114285 -0.331403
0 0 0 0
0.894953 0.364784
0 0 0 0
1 0 0 0
-0.005046 0.208875 -0.173805
-0.550156 0.690122 -0.470169
0 0 0 0
0.885317 0.344459
0 0 0 0
1 0 0 0
-0.005046 0.218800 -0.173805
-0.548409 -0.755742 -0.357912
0 0 0 0
0.885317 0.330426
0 0 0 0
1 0 0 0
-0.005046 0.216815 -0.181265
-0.551317 0.472402 0.687667
0 0 0 0
0.874234 0.333571
0 0 0 0
1 0 0 0
-0.007948 0.196965 -0.164854
-0.18594 -0.110297 -0.976351
0 0 0 0
0.900736 0.364784
0 0 0 0
1 0 0 0
-0.007948 0.232695 -0.167838
-0.185193 -0.065449 -0.98052
0 0 0 0
0.900736 0.310101
0 0 0 0
1 0 0 0
-0.007948 0.232695 -0.166346
-0.007591 0.996155 -0.087282
0 0 0 0
0.900495 0.309133
0 0 0 0
1 0 0 0
-0.005046 0.232695 -0.169330
0.000729 0.996358 -0.085269
0 0 0 0
0.895194 0.309133
0 0 0 0
1 0 0 0
-0.005046 0.230710 -0.188724
0.041354 0.996352 -0.074652
0 0 0 0
0.864838 0.309375
0 0 0 0
1 0 0 0
-0.026817 0.232695 -0.164854
-0.133617 0.988483 -0.071045
0 0 0 0
0.93061 0.310343
0 0 0 0
1 0 0 0
-0.026817 0.232695 -0.164854
-0.09411 -0.066128 -0.993363
0 0 0 0
0.93061 0.310343
0 0 0 0
1 0 0 0
-0.031171 0.202920 -0.161870
-0.094327 -0.10816 -0.989648
0 0 0 0
0.936874 0.356073
0 0 0 0
1 0 0 0
0.026885 0.232695 -0.166346
0.138205 0.986825 -0.08412
0 0 0 0
0.781479 0.310101
0 0 0 0
1 0 0 0
0.008017 0.232695 -0.167838
0.170227 -0.079405 -0.9822
0 0 0 0
0.811353 0.310101
0 0 0 0
1 0 0 0
0.008017 0.232695 -0.167838
0.009966 0.994966 -0.099718
0 0 0 0
0.811594 0.309133
0 0 0 0
1 0 0 0
0.005114 0.232695 -0.169330
0.910414 0.05797 -0.409616
0 0 0 0
0.816894 0.310101
0 0 0 0
1 0 0 0
0.005114 0.232695 -0.169330
-0.000579 0.995952 -0.089886
0 0 0 0
0.816653 0.309133
0 0 0 0
1 0 0 0
0.005114 0.230710 -0.188724
-0.041354 0.996352 -0.074652
0 0 0 0
0.847251 0.309375
0 0 0 0
1 0 0 0
0.005114 0.196965 -0.166346
0.923282 -0.125667 -0.362986
0 0 0 0
0.816894 0.364784
0 0 0 0
1 0 0 0
0.026885 0.232695 -0.166346
0.12959 -0.07925 -0.988396
0 0 0 0
0.781479 0.310101
0 0 0 0
1 0 0 0
0.026885 0.196965 -0.161870
0.132476 -0.124752 -0.983304
0 0 0 0
0.781479 0.364784
0 0 0 0
1 0 0 0
0.008017 0.274379 0.176789
-0.134099 0.990967 0.001374
0 0 0 0
0.964098 0.986375
1 0 0 0
1 0 0 0
0.015274 0.274379 0.176789
-0.134099 0.990967 0.001374
0 0 0 0
0.95398 0.979117
1 0 0 0
1 0 0 0
0.012371 0.274379 0.173806
-0.134099 0.990967 0.001374
0 0 0 0
0.964098 0.979117
1 0 0 0
1 0 0 0
0.019628 0.230710 0.178281
0.999182 0.036566 -0.017275
0 0 0 0
0.95398 0.910884
1 0 0 0
1 0 0 0
0.012371 0.274379 0.173806
0.02751 -0.015511 -0.999501
0 0 0 0
0.964098 0.979117
1 0 0 0
1 0 0 0
0.015274 0.274379 0.176789
0.99508 0.098033 -0.014301
0 0 0 0
0.95398 0.979117
1 0 0 0
1 0 0 0
0.012371 0.230710 0.178281
-0.999146 -0.02865 -0.029765
0 0 0 0
0.971085 0.909433
1 0 0 0
1 0 0 0
0.008017 0.274379 0.176789
-0.995347 -0.095962 -0.008668
0 0 0 0
0.971085 0.977907
1 0 0 0
1 0 0 0
0.013823 0.222770 0.175298
0.151335 -0.131642 -0.979678
0 0 0 0
0.964098 0.895399
1 0 0 0
1 0 0 0
0.002211 0.210860 0.178281
0.141998 -0.989394 0.030597
0 0 0 0
0.95398 0.874349
1 0 0 0
1 0 0 0
0.016725 0.230710 0.181265
0.041254 0.010436 0.999094
0 0 0 0
0.978313 0.9104
1 0 0 0
1 0 0 0
0.013823 0.222770 0.181265
0.124234 -0.078636 0.989132
0 0 0 0
0.978313 0.895399
1 0 0 0
1 0 0 0
0.015274 0.274379 0.176789
0.995481 0.094014 -0.013387
0 0 0 0
0.988914 0.978391
1 0 0 0
1 0 0 0
0.019628 0.230710 0.178281
0.999174 0.036177 -0.018517
0 0 0 0
0.988914 0.910884
1 0 0 0
1 0 0 0
0.002211 0.214830 0.175298
0.020902 -0.216815 -0.975989
0 0 0 0
0.964098 0.873139
1 0 0 0
1 0 0 0
0.006566 0.218800 0.178281
-0.4627 0.886026 -0.029434
0 0 0 0
0.971085 0.882575
1 0 0 0
1 0 0 0
0.002211 0.210860 0.178281
0.140412 -0.989574 0.032061
0 0 0 0
0.988914 0.874833
1 0 0 0
1 0 0 0
0.002211 0.214830 0.181265
-0.020635 -0.16394 0.986255
0 0 0 0
0.978313 0.873865
1 0 0 0
1 0 0 0
-0.003594 0.218800 0.178281
0.376801 0.926192 0.013733
0 0 0 0
0.971085 0.861283
1 0 0 0
1 0 0 0
-0.010851 0.220785 0.173806
-0.056873 -0.084771 -0.994776
0 0 0 0
0.964098 0.849669
1 0 0 0
1 0 0 0
-0.018108 0.224755 0.176789
-0.922317 -0.376566 -0.086773
0 0 0 0
0.95398 0.836603
1 0 0 0
1 0 0 0
-0.010851 0.220785 0.181265
-0.146851 -0.090647 0.984996
0 0 0 0
0.978313 0.850637
1 0 0 0
1 0 0 0
-0.007948 0.222770 0.178281
0.801202 0.596408 0.048711
0 0 0 0
0.971085 0.848459
1 0 0 0
1 0 0 0
-0.013754 0.226740 0.173806
-0.065229 -0.002634 -0.997867
0 0 0 0
0.964098 0.835151
1 0 0 0
1 0 0 0
-0.018108 0.224755 0.176789
-0.922072 -0.378095 -0.082634
0 0 0 0
0.988914 0.837329
1 0 0 0
1 0 0 0
-0.012303 0.232695 0.178281
0.97447 -0.136528 0.178236
0 0 0 0
0.971085 0.820876
1 0 0 0
1 0 0 0
-0.013754 0.240635 0.173806
0.02625 -0.01001 -0.999605
0 0 0 0
0.964098 0.804423
1 0 0 0
1 0 0 0
-0.013754 0.240635 0.181265
-0.203527 0.079542 0.975833
0 0 0 0
0.978313 0.804906
1 0 0 0
1 0 0 0
-0.009400 0.240635 0.178281
0.89655 -0.419511 0.14216
0 0 0 0
0.971085 0.803455
1 0 0 0
1 0 0 0
-0.013754 0.240635 0.173806
0.029351 -0.007492 -0.999541
0 0 0 0
0.988914 0.805632
1 0 0 0
1 0 0 0
-0.002143 0.266439 0.178281
-0.864585 0.48085 -0.145864
0 0 0 0
0.988914 0.741755
1 0 0 0
1 0 0 0
0.005114 0.274379 0.182757
-0.125842 -0.036128 0.991392
0 0 0 0
0.978313 0.719495
1 0 0 0
1 0 0 0
0.008017 0.274379 0.179773
0.946458 -0.300635 0.117623
0 0 0 0
0.971085 0.718769
1 0 0 0
1 0 0 0
0.005114 0.276364 0.175298
0.238738 0.009708 -0.971036
0 0 0 0
0.964098 0.719011
1 0 0 0
1 0 0 0
-0.002143 0.266439 0.178281
-0.863368 0.482606 -0.147265
0 0 0 0
0.95398 0.741997
1 0 0 0
1 0 0 0
0.002211 0.276364 0.178281
-0.943753 0.296938 -0.145461
0 0 0 0
0.988914 0.719737
1 0 0 0
1 0 0 0
0.009468 0.294229 0.184249
-0.093738 -0.093353 0.991211
0 0 0 0
0.978313 0.681024
1 0 0 0
1 0 0 0
0.010920 0.296214 0.176789
0.218289 0.081827 -0.972448
0 0 0 0
0.964098 0.681266
1 0 0 0
1 0 0 0
0.002211 0.276364 0.178281
-0.944331 0.293857 -0.147941
0 0 0 0
0.95398 0.719737
1 0 0 0
1 0 0 0
0.006566 0.296214 0.179773
-0.980238 0.123481 -0.154551
0 0 0 0
0.95398 0.681508
1 0 0 0
1 0 0 0
0.006566 0.296214 0.179773
-0.980073 0.122998 -0.155975
0 0 0 0
0.988914 0.681266
1 0 0 0
1 0 0 0
0.013823 0.322018 0.184249
0.988875 -0.008704 0.148497
0 0 0 0
0.971085 0.637955
1 0 0 0
1 0 0 0
0.009468 0.320033 0.187233
-0.113157 -0.106038 0.987903
0 0 0 0
0.978313 0.638439
1 0 0 0
1 0 0 0
0.006566 0.341868 0.185741
-0.995051 -0.052624 -0.084289
0 0 0 0
0.988914 0.592467
1 0 0 0
1 0 0 0
0.012371 0.343853 0.185741
0.983477 0.025354 0.179247
0 0 0 0
0.971085 0.593193
1 0 0 0
1 0 0 0
0.008017 0.361718 0.190216
-0.120148 0.112853 0.986321
0 0 0 0
0.978313 0.552786
1 0 0 0
1 0 0 0
0.005114 0.361718 0.185741
-0.997382 -0.046081 -0.055726
0 0 0 0
0.988914 0.551334
1 0 0 0
1 0 0 0
0.009468 0.341868 0.182757
0.151983 0.050044 -0.987115
0 0 0 0
0.964098 0.592225
1 0 0 0
1 0 0 0
0.010920 0.296214 0.176789
-0.393886 0.113319 -0.912148
0 0 0 0
0.964098 0.681266
1 0 0 0
1 0 0 0
0.012371 0.361718 0.185741
0.989581 0.047622 0.135872
0 0 0 0
0.971085 0.55206
1 0 0 0
1 0 0 0
0.009468 0.359733 0.181265
0.115032 -0.112265 -0.986998
0 0 0 0
0.964098 0.55085
1 0 0 0
1 0 0 0
0.003663 0.405387 0.172314
-0.995839 -0.053165 -0.074014
0 0 0 0
0.988914 0.466164
1 0 0 0
1 0 0 0
0.010920 0.405387 0.172314
0.948929 0.124963 0.289687
0 0 0 0
0.971085 0.466406
1 0 0 0
1 0 0 0
0.008017 0.379583 0.178281
0.161537 -0.290669 -0.943089
0 0 0 0
0.964098 0.518911
1 0 0 0
1 0 0 0
0.006566 0.341868 0.185741
-0.995203 -0.052828 -0.082339
0 0 0 0
0.95398 0.592467
1 0 0 0
1 0 0 0
0.006566 0.296214 0.179773
-0.979712 0.124309 -0.157199
0 0 0 0
0.95398 0.681508
1 0 0 0
1 0 0 0
0.005114 0.361718 0.185741
-0.997469 -0.048333 -0.05215
0 0 0 0
0.95398 0.551334
1 0 0 0
1 0 0 0
0.003663 0.405387 0.172314
-0.995902 -0.052198 -0.073855
0 0 0 0
0.95398 0.466406
1 0 0 0
1 0 0 0
0.008017 0.403402 0.167838
0.165698 -0.453696 -0.875617
0 0 0 0
0.964098 0.465922
1 0 0 0
1 0 0 0
0.006566 0.431192 0.160379
-0.150567 0.617458 0.772059
0 0 0 0
0.978313 0.413901
1 0 0 0
1 0 0 0
0.010920 0.429207 0.157395
0.97991 0.139851 0.142194
0 0 0 0
0.971085 0.413417
1 0 0 0
1 0 0 0
0.003663 0.429207 0.155903
-0.996467 -0.054218 -0.064135
0 0 0 0
0.988914 0.413175
1 0 0 0
1 0 0 0
0.003663 0.429207 0.155903
-0.996622 -0.049969 -0.06517
0 0 0 0
0.95398 0.413417
1 0 0 0
1 0 0 0
0.008017 0.427222 0.152919
0.164832 -0.635882 -0.753979
0 0 0 0
0.964098 0.412933
1 0 0 0
1 0 0 0
0.010920 0.449057 0.136508
0.988369 0.10888 0.106175
0 0 0 0
0.971085 0.366235
1 0 0 0
1 0 0 0
0.003663 0.447072 0.135016
-0.991333 -0.089299 -0.096357
0 0 0 0
0.988914 0.365993
1 0 0 0
1 0 0 0
0.006566 0.466921 0.120098
-0.142659 0.799131 0.583985
0 0 0 0
0.978313 0.322683
1 0 0 0
1 0 0 0
0.003663 0.447072 0.135016
-0.991606 -0.08983 -0.093001
0 0 0 0
0.95398 0.365993
1 0 0 0
1 0 0 0
0.008017 0.447072 0.133525
0.138272 -0.733191 -0.665816
0 0 0 0
0.964098 0.36551
1 0 0 0
1 0 0 0
0.010920 0.464936 0.118606
0.981113 0.127613 0.145369
0 0 0 0
0.971085 0.322199
1 0 0 0
1 0 0 0
0.003663 0.464936 0.117114
-0.99653 -0.022265 -0.080201
0 0 0 0
0.988914 0.321715
1 0 0 0
1 0 0 0
0.003663 0.464936 0.117114
-0.996292 -0.022977 -0.082915
0 0 0 0
0.95398 0.321957
1 0 0 0
1 0 0 0
0.008017 0.462951 0.114130
0.143411 -0.806596 -0.573443
0 0 0 0
0.964098 0.321473
1 0 0 0
1 0 0 0
0.013823 0.484786 0.088768
0.980846 0.1371 0.138367
0 0 0 0
0.971085 0.262677
1 0 0 0
1 0 0 0
0.006566 0.482801 0.087276
-0.994679 -0.029196 -0.098804
0 0 0 0
0.988914 0.263161
1 0 0 0
1 0 0 0
0.012371 0.498681 0.057438
-0.103484 0.964124 0.244451
0 0 0 0
0.978313 0.206301
1 0 0 0
1 0 0 0
0.006566 0.482801 0.087276
-0.994732 -0.028417 -0.098488
0 0 0 0
0.95398 0.263161
1 0 0 0
1 0 0 0
0.010920 0.480816 0.085784
0.134841 -0.897335 -0.420246
0 0 0 0
0.964098 0.262919
1 0 0 0
1 0 0 0
0.015274 0.496696 0.055946
0.984499 0.151453 0.088455
0 0 0 0
0.971085 0.206301
1 0 0 0
1 0 0 0
0.009468 0.494711 0.054454
-0.995783 -0.046382 -0.079149
0 0 0 0
0.988914 0.205575
1 0 0 0
1 0 0 0
0.013823 0.504636 0.020141
-0.111971 0.984116 0.137764
0 0 0 0
0.978313 0.148715
1 0 0 0
1 0 0 0
0.009468 0.494711 0.054454
-0.996137 -0.047526 -0.073841
0 0 0 0
0.95398 0.205575
1 0 0 0
1 0 0 0
0.012371 0.492726 0.052962
0.130656 -0.966489 -0.220973
0 0 0 0
0.964098 0.205575
1 0 0 0
1 0 0 0
0.016725 0.500666 0.018649
0.993722 0.098023 0.053927
0 0 0 0
0.971085 0.148473
1 0 0 0
1 0 0 0
0.010920 0.500666 0.018649
-0.991615 -0.11945 -0.049321
0 0 0 0
0.988914 0.147989
1 0 0 0
1 0 0 0
0.013823 0.506621 0.000746
-0.081567 0.996668 -0.000815
0 0 0 0
0.978313 0.096451
1 0 0 0
1 0 0 0
0.010920 0.500666 0.018649
-0.991381 -0.11916 -0.054451
0 0 0 0
0.95398 0.147989
1 0 0 0
1 0 0 0
0.013823 0.496696 0.017157
0.108225 -0.985713 -0.12906
0 0 0 0
0.964098 0.147747
1 0 0 0
1 0 0 0
0.018177 0.502651 0.000746
0.97844 0.20653 -0.000138
0 0 0 0
0.971085 0.096693
1 0 0 0
1 0 0 0
0.010920 0.502651 0.000746
-0.998881 -0.047276 -0.001653
0 0 0 0
0.988914 0.096935
1 0 0 0
1 0 0 0
0.010920 0.502651 0.000746
-0.998803 -0.048917 -0.000557
0 0 0 0
0.95398 0.096935
1 0 0 0
1 0 0 0
0.018177 0.502651 0.000746
0.909336 -0.41605 0.003366
0 0 0 0
0.971085 0.096693
1 0 0 0
1 0 0 0
0.015274 0.274379 -0.176789
-0.136382 0.990656 -0.000735
0 0 0 0
0.95398 0.979117
1 0 0 0
1 0 0 0
0.008017 0.274379 -0.176789
-0.136382 0.990656 -0.000735
0 0 0 0
0.964098 0.986375
1 0 0 0
1 0 0 0
0.012371 0.274379 -0.172314
-0.136382 0.990656 -0.000735
0 0 0 0
0.964098 0.979117
1 0 0 0
1 0 0 0
0.015274 0.274379 -0.176789
0.995426 0.094391 0.014777
0 0 0 0
0.95398 0.979117
1 0 0 0
1 0 0 0
0.012371 0.274379 -0.172314
0.02397 -0.015511 0.999592
0 0 0 0
0.964098 0.979117
1 0 0 0
1 0 0 0
0.019628 0.230710 -0.176789
0.999122 0.035417 0.022398
0 0 0 0
0.95398 0.910884
1 0 0 0
1 0 0 0
0.012371 0.230710 -0.176789
-0.999108 -0.02548 0.033684
0 0 0 0
0.971085 0.909433
1 0 0 0
1 0 0 0
0.008017 0.274379 -0.176789
-0.995728 -0.091835 0.009551
0 0 0 0
0.971085 0.977907
1 0 0 0
1 0 0 0
0.016725 0.220785 -0.176789
0.887373 -0.458993 -0.043537
0 0 0 0
0.95398 0.896367
1 0 0 0
1 0 0 0
0.016725 0.230710 -0.181265
0.044036 0.015377 -0.998912
0 0 0 0
0.978313 0.9104
1 0 0 0
1 0 0 0
0.006566 0.218800 -0.176789
-0.020914 0.26215 0.964801
0 0 0 0
0.971085 0.882575
1 0 0 0
1 0 0 0
0.013823 0.222770 -0.181265
0.123449 -0.078716 -0.989224
0 0 0 0
0.978313 0.895399
1 0 0 0
1 0 0 0
0.015274 0.274379 -0.176789
0.99538 0.095085 0.01334
0 0 0 0
0.988914 0.978391
1 0 0 0
1 0 0 0
0.002211 0.210860 -0.176789
0.142725 -0.989358 -0.028312
0 0 0 0
0.95398 0.874349
1 0 0 0
1 0 0 0
0.019628 0.230710 -0.176789
0.998999 0.037801 0.023903
0 0 0 0
0.988914 0.910884
1 0 0 0
1 0 0 0
0.016725 0.220785 -0.176789
0.886854 -0.459944 -0.044061
0 0 0 0
0.988914 0.896367
1 0 0 0
1 0 0 0
0.002211 0.210860 -0.176789
0.142629 -0.989363 -0.028607
0 0 0 0
0.988914 0.874833
1 0 0 0
1 0 0 0
-0.005046 0.214830 -0.181265
-0.111378 -0.163275 -0.980274
0 0 0 0
0.978313 0.863944
1 0 0 0
1 0 0 0
-0.005046 0.214830 -0.173805
-0.10412 -0.208968 0.972364
0 0 0 0
0.964098 0.862735
1 0 0 0
1 0 0 0
-0.007948 0.222770 -0.176789
0.846248 0.528432 -0.067998
0 0 0 0
0.971085 0.848459
1 0 0 0
1 0 0 0
-0.012303 0.218800 -0.176789
-0.746667 -0.66486 0.021207
0 0 0 0
0.95398 0.850879
1 0 0 0
1 0 0 0
-0.013754 0.226740 -0.173805
-0.056357 -0.021665 0.998176
0 0 0 0
0.964098 0.835151
1 0 0 0
1 0 0 0
-0.012303 0.218800 -0.176789
-0.743899 -0.667985 0.020264
0 0 0 0
0.988914 0.851846
1 0 0 0
1 0 0 0
-0.015205 0.226740 -0.181265
-0.21207 -0.0604 -0.975386
0 0 0 0
0.978313 0.835877
1 0 0 0
1 0 0 0
-0.012303 0.232695 -0.178281
0.975384 -0.13232 -0.176401
0 0 0 0
0.971085 0.820876
1 0 0 0
1 0 0 0
-0.016657 0.242620 -0.176789
-0.914863 0.385357 0.120527
0 0 0 0
0.95398 0.80539
1 0 0 0
1 0 0 0
-0.012303 0.240635 -0.173805
0.02891 0.004044 0.999574
0 0 0 0
0.964098 0.804423
1 0 0 0
1 0 0 0
-0.016657 0.242620 -0.176789
-0.913697 0.387713 0.121802
0 0 0 0
0.988914 0.805632
1 0 0 0
1 0 0 0
-0.013754 0.240635 -0.181265
-0.207062 0.071472 -0.975714
0 0 0 0
0.978313 0.804906
1 0 0 0
1 0 0 0
-0.009400 0.240635 -0.178281
0.894137 -0.429396 -0.127039
0 0 0 0
0.971085 0.803455
1 0 0 0
1 0 0 0
-0.002143 0.266439 -0.176789
-0.864051 0.478764 0.155567
0 0 0 0
0.95398 0.741997
1 0 0 0
1 0 0 0
0.005114 0.276364 -0.175297
0.236026 0.007159 0.971721
0 0 0 0
0.964098 0.719011
1 0 0 0
1 0 0 0
-0.002143 0.266439 -0.176789
-0.862864 0.481075 0.155024
0 0 0 0
0.988914 0.741755
1 0 0 0
1 0 0 0
0.005114 0.274379 -0.181265
-0.123714 -0.039954 -0.991513
0 0 0 0
0.978313 0.719495
1 0 0 0
1 0 0 0
0.008017 0.274379 -0.178281
0.947892 -0.298461 -0.111451
0 0 0 0
0.971085 0.718769
1 0 0 0
1 0 0 0
0.002211 0.276364 -0.178281
-0.944579 0.294295 0.145468
0 0 0 0
0.95398 0.719737
1 0 0 0
1 0 0 0
0.006566 0.296214 -0.179773
-0.979535 0.125064 0.157706
0 0 0 0
0.95398 0.681508
1 0 0 0
1 0 0 0
0.010920 0.296214 -0.176789
0.215611 0.081542 0.973069
0 0 0 0
0.964098 0.681266
1 0 0 0
1 0 0 0
0.009468 0.294229 -0.182757
-0.096839 -0.092199 -0.991021
0 0 0 0
0.978313 0.681024
1 0 0 0
1 0 0 0
0.002211 0.276364 -0.178281
-0.944814 0.293931 0.144675
0 0 0 0
0.988914 0.719737
1 0 0 0
1 0 0 0
0.013823 0.322018 -0.182757
0.989289 -0.008006 -0.145753
0 0 0 0
0.971085 0.637955
1 0 0 0
1 0 0 0
0.006566 0.296214 -0.179773
-0.980263 0.121452 0.155994
0 0 0 0
0.988914 0.681266
1 0 0 0
1 0 0 0
0.009468 0.320033 -0.185741
-0.11519 -0.108627 -0.987386
0 0 0 0
0.978313 0.638439
1 0 0 0
1 0 0 0
0.006566 0.341868 -0.184249
-0.99526 -0.050616 0.083047
0 0 0 0
0.988914 0.592467
1 0 0 0
1 0 0 0
0.012371 0.343853 -0.185741
0.984221 0.026972 -0.174878
0 0 0 0
0.971085 0.593193
1 0 0 0
1 0 0 0
0.008017 0.361718 -0.188724
-0.116793 0.111989 -0.986822
0 0 0 0
0.978313 0.552786
1 0 0 0
1 0 0 0
0.005114 0.361718 -0.184249
-0.997379 -0.048615 0.05359
0 0 0 0
0.988914 0.551334
1 0 0 0
1 0 0 0
0.009468 0.341868 -0.181265
0.149329 0.049026 0.987572
0 0 0 0
0.964098 0.592225
1 0 0 0
1 0 0 0
0.010920 0.296214 -0.176789
-0.395073 0.112348 0.911754
0 0 0 0
0.964098 0.681266
1 0 0 0
1 0 0 0
0.010920 0.381568 -0.181265
0.966009 -0.030983 0.256643
0 0 0 0
0.971085 0.518669
1 0 0 0
1 0 0 0
0.009468 0.359733 -0.181265
0.11406 -0.109597 0.98741
0 0 0 0
0.964098 0.55085
1 0 0 0
1 0 0 0
0.006566 0.341868 -0.184249
-0.995341 -0.04781 0.083733
0 0 0 0
0.95398 0.592467
1 0 0 0
1 0 0 0
0.006566 0.296214 -0.179773
-0.979996 0.124937 0.154916
0 0 0 0
0.95398 0.681508
1 0 0 0
1 0 0 0
0.008017 0.379583 -0.176789
0.163179 -0.287785 0.943691
0 0 0 0
0.964098 0.518911
1 0 0 0
1 0 0 0
0.005114 0.361718 -0.184249
-0.997518 -0.045816 0.053469
0 0 0 0
0.95398 0.551334
1 0 0 0
1 0 0 0
0.006566 0.407372 -0.175297
-0.157377 0.447053 -0.880555
0 0 0 0
0.978313 0.466648
1 0 0 0
1 0 0 0
0.010920 0.381568 -0.181265
0.984497 0.072972 -0.159503
0 0 0 0
0.971085 0.518669
1 0 0 0
1 0 0 0
0.003663 0.405387 -0.170822
-0.995815 -0.051358 0.075598
0 0 0 0
0.988914 0.466164
1 0 0 0
1 0 0 0
0.010920 0.405387 -0.170822
0.982957 0.102421 -0.15266
0 0 0 0
0.971085 0.466406
1 0 0 0
1 0 0 0
0.006566 0.431192 -0.158887
-0.150602 0.612104 -0.776304
0 0 0 0
0.978313 0.413901
1 0 0 0
1 0 0 0
0.003663 0.405387 -0.170822
-0.996173 -0.048316 0.072838
0 0 0 0
0.95398 0.466406
1 0 0 0
1 0 0 0
0.008017 0.403402 -0.167838
0.159832 -0.450928 0.878133
0 0 0 0
0.964098 0.465922
1 0 0 0
1 0 0 0
0.010920 0.429207 -0.155903
0.980734 0.135788 -0.140435
0 0 0 0
0.971085 0.413417
1 0 0 0
1 0 0 0
0.003663 0.429207 -0.155903
-0.996522 -0.048668 0.067641
0 0 0 0
0.988914 0.413175
1 0 0 0
1 0 0 0
0.003663 0.429207 -0.155903
-0.996445 -0.051527 0.066645
0 0 0 0
0.95398 0.413417
1 0 0 0
1 0 0 0
0.008017 0.427222 -0.152919
0.165781 -0.629677 0.758963
0 0 0 0
0.964098 0.412933
1 0 0 0
1 0 0 0
0.010920 0.449057 -0.136508
0.988236 0.10899 -0.107289
0 0 0 0
0.971085 0.366235
1 0 0 0
1 0 0 0
0.003663 0.447072 -0.135016
-0.991967 -0.085423 0.093303
0 0 0 0
0.988914 0.365993
1 0 0 0
1 0 0 0
0.006566 0.466921 -0.120097
-0.144259 0.799521 -0.583058
0 0 0 0
0.978313 0.322683
1 0 0 0
1 0 0 0
0.003663 0.447072 -0.135016
-0.992231 -0.084196 0.091586
0 0 0 0
0.95398 0.365993
1 0 0 0
1 0 0 0
0.008017 0.447072 -0.133524
0.140943 -0.727631 0.671333
0 0 0 0
0.964098 0.36551
1 0 0 0
1 0 0 0
0.145900 0.006408 -0.000746
-0.867641 -0.497188 0.001644
0 0 0 0
0.942656 0.392125
0 0 0 0
1 0 0 0
0.141546 0.006408 0.027600
-0.001955 -0.999996 0.001947
0 0 0 0
0.722452 0.008379
0 0 0 0
1 0 0 0
-0.145831 0.006408 0.000746
0.001955 -0.999996 0.001947
0 0 0 0
0.757627 0.364542
0 0 0 0
1 0 0 0
0.145900 0.006408 -0.000746
-0.001955 -0.999996 0.001947
0 0 0 0
0.757627 0.004991
0 0 0 0
1 0 0 0
0.121226 0.006408 0.081308
0.001955 -0.999996 0.001947
0 0 0 0
0.657644 0.035236
0 0 0 0
1 0 0 0
0.080587 0.006408 0.121589
0.001955 -0.999996 0.001947
0 0 0 0
0.608014 0.084837
0 0 0 0
1 0 0 0
-0.000691 0.006408 0.145460
-0.001955 -0.999996 0.001947
0 0 0 0
0.577657 0.184766
0 0 0 0
1 0 0 0
-0.055845 0.006408 0.133525
-0.001955 -0.999996 0.001947
0 0 0 0
0.59139 0.253483
0 0 0 0
1 0 0 0
-0.102289 0.006408 0.102195
0.001955 -0.999996 0.001947
0 0 0 0
0.63042 0.311795
0 0 0 0
1 0 0 0
-0.134220 0.006408 0.055946
0.001955 -0.999996 0.001947
0 0 0 0
0.688723 0.350992
0 0 0 0
1 0 0 0
-0.005046 0.286289 -0.172314
0.099168 -0.095649 -0.990463
0 0 0 0
0.942656 0.893221
0 0 0 0
1 0 0 0
-0.003594 0.351793 -0.181265
0.204224 -0.148099 -0.967657
0 0 0 0
0.942656 0.993876
0 0 0 0
1 0 0 0
0.068976 0.349808 -0.166346
0.397457 -0.12716 -0.908767
0 0 0 0
0.829663 0.994118
0 0 0 0
1 0 0 0
0.032691 0.242620 -0.166346
0.204801 -0.103178 -0.97335
0 0 0 0
0.888449 0.806842
0 0 0 0
1 0 0 0
-0.005046 0.244605 -0.172314
0.125569 -0.099875 -0.987045
0 0 0 0
0.942656 0.807326
0 0 0 0
1 0 0 0
-0.003594 0.006408 -0.146951
0.121457 -0.097113 -0.987835
0 0 0 0
0.942656 0.424064
0 0 0 0
1 0 0 0
0.055913 0.006408 -0.136508
0.379996 -0.095797 -0.920014
0 0 0 0
0.829663 0.423338
0 0 0 0
1 0 0 0
0.096552 0.256514 -0.142476
0.555418 -0.009944 -0.831512
0 0 0 0
0.770637 0.834667
0 0 0 0
1 0 0 0
0.095101 0.242620 -0.142476
0.551442 -0.104259 -0.827673
0 0 0 0
0.770637 0.806842
0 0 0 0
1 0 0 0
0.127032 0.351793 -0.126065
0.659607 -0.146875 -0.73712
0 0 0 0
0.71137 0.994118
0 0 0 0
1 0 0 0
0.082038 0.006408 -0.123081
0.5531 -0.095631 -0.827608
0 0 0 0
0.770637 0.423338
0 0 0 0
1 0 0 0
0.150254 0.349808 -0.100703
0.833055 -0.156644 -0.530549
0 0 0 0
0.651862 0.994118
0 0 0 0
1 0 0 0
0.145900 0.250559 -0.097719
0.819985 0.164932 -0.548107
0 0 0 0
0.651862 0.819424
0 0 0 0
1 0 0 0
0.158963 0.256514 -0.066389
0.923062 0.029951 -0.383483
0 0 0 0
0.591872 0.834667
0 0 0 0
1 0 0 0
0.158963 0.242620 -0.066389
0.919102 -0.105049 -0.379759
0 0 0 0
0.591872 0.806842
0 0 0 0
1 0 0 0
0.122678 0.006408 -0.082800
0.826812 -0.095229 -0.554359
0 0 0 0
0.651862 0.423338
0 0 0 0
1 0 0 0
0.176379 0.351793 -0.035059
0.958547 -0.137398 -0.24962
0 0 0 0
0.531641 0.994118
0 0 0 0
1 0 0 0
0.170574 0.242620 0.000746
0.994676 -0.103043 -0.001442
0 0 0 0
0.471892 0.806842
0 0 0 0
1 0 0 0
0.144449 0.006408 -0.029092
0.976605 -0.096064 -0.192391
0 0 0 0
0.531641 0.423338
0 0 0 0
1 0 0 0
0.177831 0.351793 0.000746
0.992536 -0.121211 -0.013426
0 0 0 0
0.471892 0.994118
0 0 0 0
1 0 0 0
0.145900 0.000453 0.000746
0.995547 -0.094267 0.000351
0 0 0 0
0.471892 0.423338
0 0 0 0
1 0 0 0
-0.005046 0.244605 -0.172314
-0.09653 -0.08205 -0.991943
0 0 0 0
0.00956 0.8066
0 0 0 0
1 0 0 0
-0.003594 0.006408 -0.146951
-0.158402 -0.090251 -0.983241
0 0 0 0
0.00956 0.42358
0 0 0 0
1 0 0 0
-0.055845 0.006408 -0.136508
-0.37958 -0.0973 -0.920028
0 0 0 0
0.115326 0.423338
0 0 0 0
1 0 0 0
-0.096484 0.242620 -0.143968
-0.551676 -0.103127 -0.827658
0 0 0 0
0.175556 0.806842
0 0 0 0
1 0 0 0
-0.103741 0.006408 -0.103686
-0.703139 -0.097917 -0.704278
0 0 0 0
0.235546 0.423338
0 0 0 0
1 0 0 0
-0.095032 0.258499 -0.142476
-0.556926 0.027961 -0.830091
0 0 0 0
0.175556 0.834425
0 0 0 0
1 0 0 0
-0.124060 0.250559 -0.123081
-0.697192 0.167961 -0.69693
0 0 0 0
0.235546 0.819424
0 0 0 0
1 0 0 0
-0.158894 0.242620 -0.066389
-0.9182 -0.102656 -0.382584
0 0 0 0
0.354321 0.806842
0 0 0 0
1 0 0 0
-0.157443 0.256514 -0.064897
-0.919376 -0.101176 -0.380147
0 0 0 0
0.354321 0.834425
0 0 0 0
1 0 0 0
-0.137123 0.006408 -0.055946
-0.919276 -0.095749 -0.38179
0 0 0 0
0.354321 0.423338
0 0 0 0
1 0 0 0
-0.122609 0.286289 -0.123081
-0.703547 -0.097906 -0.703872
0 0 0 0
0.235546 0.892979
0 0 0 0
1 0 0 0
-0.066004 0.286289 -0.160378
-0.380624 -0.099722 -0.919337
0 0 0 0
0.115326 0.892979
0 0 0 0
1 0 0 0
-0.005046 0.286289 -0.172314
-0.168394 -0.174399 -0.970169
0 0 0 0
0.00956 0.892254
0 0 0 0
1 0 0 0
-0.147283 0.006408 0.000746
-0.995502 -0.094719 -0.00192
0 0 0 0
0.471892 0.423338
0 0 0 0
1 0 0 0
-0.170505 0.256514 0.000746
-0.999908 -0.01353 0.000016
0 0 0 0
0.471892 0.834425
0 0 0 0
1 0 0 0
-0.171956 0.242620 0.000746
-0.994817 -0.101664 -0.001806
0 0 0 0
0.471892 0.806842
0 0 0 0
1 0 0 0
-0.176311 0.351793 -0.035059
-0.970842 -0.142549 -0.192729
0 0 0 0
0.413348 0.994118
0 0 0 0
1 0 0 0
-0.150186 0.351793 -0.100703
-0.827786 -0.086728 -0.5543
0 0 0 0
0.295054 0.994118
0 0 0 0
1 0 0 0
-0.099387 0.351793 -0.149935
-0.555209 -0.08593 -0.82726
0 0 0 0
0.175556 0.994118
0 0 0 0
1 0 0 0
-0.003594 0.351793 -0.181265
-0.22014 -0.16161 -0.961988
0 0 0 0
0.006428 0.993392
0 0 0 0
1 0 0 0
-0.068907 0.351793 -0.164854
-0.380596 -0.085942 -0.920739
0 0 0 0
0.115326 0.994118
0 0 0 0
1 0 0 0
-0.179213 0.351793 -0.000746
-0.989628 -0.14365 -0.000989
0 0 0 0
0.471892 0.994118
0 0 0 0
1 0 0 0
-0.173408 0.357748 0.000746
0.995575 0.093968 -0.000394
0 0 0 0
0.004983 0.36309
0 0 0 0
1 0 0 0
-0.141477 0.016333 -0.000746
0.995645 0.093208 0.001895
0 0 0 0
0.004983 0.003297
0 0 0 0
1 0 0 0
-0.170505 0.357748 -0.033567
0.976678 0.095643 0.192232
0 0 0 0
0.040398 0.36309
0 0 0 0
1 0 0 0
-0.140026 0.014348 -0.027600
0.976382 0.095845 0.193627
0 0 0 0
0.040398 0.003297
0 0 0 0
1 0 0 0
-0.160345 0.357748 -0.066389
0.919444 0.094263 0.381756
0 0 0 0
0.075814 0.36309
0 0 0 0
1 0 0 0
-0.118255 0.014348 -0.078324
0.827219 0.094351 0.553901
0 0 0 0
0.111471 0.003297
0 0 0 0
1 0 0 0
-0.122609 0.357748 -0.123081
0.704439 0.092829 0.703668
0 0 0 0
0.147127 0.36309
0 0 0 0
1 0 0 0
-0.100838 0.014348 -0.100703
0.70253 0.093336 0.705508
0 0 0 0
0.147127 0.003297
0 0 0 0
1 0 0 0
-0.096484 0.357748 -0.143968
0.551456 0.094901 0.828788
0 0 0 0
0.182543 0.36309
0 0 0 0
1 0 0 0
-0.054393 0.014348 -0.132032
0.381527 0.092442 0.919724
0 0 0 0
0.2182 0.003297
0 0 0 0
1 0 0 0
-0.034074 0.357748 -0.170822
0.159982 0.091335 0.982886
0 0 0 0
0.253856 0.36309
0 0 0 0
1 0 0 0
-0.000691 0.014348 -0.142476
-0.00008 0.093727 0.995598
0 0 0 0
0.292645 0.003297
0 0 0 0
1 0 0 0
0.034142 0.357748 -0.170822
-0.17935 0.091178 0.979551
0 0 0 0
0.324447 0.36309
0 0 0 0
1 0 0 0
0.054462 0.014348 -0.132032
-0.381527 0.092442 0.919724
0 0 0 0
0.359863 0.003297
0 0 0 0
1 0 0 0
0.096552 0.357748 -0.143968
-0.55349 0.096485 0.827248
0 0 0 0
0.395278 0.36309
0 0 0 0
1 0 0 0
0.100907 0.014348 -0.100703
-0.705208 0.092692 0.702915
0 0 0 0
0.430453 0.003297
0 0 0 0
1 0 0 0
0.144449 0.357748 -0.096227
-0.828466 0.091628 0.552493
0 0 0 0
0.465628 0.36309
0 0 0 0
1 0 0 0
0.118323 0.014348 -0.078324
-0.827219 0.094351 0.553901
0 0 0 0
0.465628 0.003297
0 0 0 0
1 0 0 0
0.170574 0.357748 -0.033567
-0.976395 0.093592 0.194664
0 0 0 0
0.535978 0.36309
0 0 0 0
1 0 0 0
0.138643 0.014348 -0.027600
-0.976917 0.094901 0.191383
0 0 0 0
0.535978 0.003297
0 0 0 0
1 0 0 0
0.173477 0.357748 -0.000746
-0.995829 0.091236 -0.000248
0 0 0 0
0.570912 0.36309
0 0 0 0
1 0 0 0
0.141546 0.014348 0.000746
-0.995575 0.093968 -0.000394
0 0 0 0
0.570912 0.003297
0 0 0 0
1 0 0 0
0.185088 0.355763 -0.000746
0.969451 0.245284 -0.000824
0 0 0 0
0.005705 0.405675
0 0 0 0
1 0 0 0
0.177831 0.351793 0.000746
0.642674 -0.766137 0.002184
0 0 0 0
0.005705 0.39769
0 0 0 0
1 0 0 0
0.176379 0.351793 -0.035059
0.63167 -0.765134 -0.124748
0 0 0 0
0.055817 0.39769
0 0 0 0
1 0 0 0
0.172025 0.355763 -0.070865
0.893493 0.263568 -0.363596
0 0 0 0
0.115326 0.405433
0 0 0 0
1 0 0 0
0.150254 0.349808 -0.100703
0.539379 -0.763799 -0.354515
0 0 0 0
0.175556 0.397206
0 0 0 0
1 0 0 0
0.170574 0.357748 -0.033567
0.189282 0.981922 0.000986
0 0 0 0
0.055817 0.420192
0 0 0 0
1 0 0 0
0.173477 0.357748 -0.000746
-0.483117 0.875556 0.000077
0 0 0 0
0.005705 0.420192
0 0 0 0
1 0 0 0
0.131386 0.355763 -0.130541
0.685874 0.264125 -0.678097
0 0 0 0
0.235546 0.405191
0 0 0 0
1 0 0 0
0.144449 0.357748 -0.096227
0.173283 0.982055 -0.07444
0 0 0 0
0.175556 0.420434
0 0 0 0
1 0 0 0
0.127032 0.351793 -0.126065
0.458339 -0.763984 -0.454153
0 0 0 0
0.235546 0.397206
0 0 0 0
1 0 0 0
0.103809 0.355763 -0.154411
0.537883 0.265706 -0.800051
0 0 0 0
0.295054 0.405191
0 0 0 0
1 0 0 0
0.096552 0.357748 -0.143968
0.135609 0.981783 -0.13309
0 0 0 0
0.295054 0.420434
0 0 0 0
1 0 0 0
0.068976 0.349808 -0.166346
0.250125 -0.763827 -0.594983
0 0 0 0
0.354321 0.396964
0 0 0 0
1 0 0 0
0.035594 0.357748 -0.181265
0.175361 0.273567 -0.945732
0 0 0 0
0.413348 0.405675
0 0 0 0
1 0 0 0
0.034142 0.357748 -0.170822
0.076717 0.988355 -0.131415
0 0 0 0
0.413348 0.420192
0 0 0 0
1 0 0 0
-0.003594 0.351793 -0.181265
-0.019687 -0.413055 -0.910493
0 0 0 0
0.481288 0.399626
0 0 0 0
1 0 0 0
-0.034074 0.357748 -0.170822
-0.034048 0.984549 -0.171766
0 0 0 0
0.531641 0.420192
0 0 0 0
1 0 0 0
-0.035525 0.355763 -0.181265
-0.187274 0.33215 -0.924449
0 0 0 0
0.531641 0.405917
0 0 0 0
1 0 0 0
-0.068907 0.351793 -0.164854
-0.24926 -0.764422 -0.594583
0 0 0 0
0.591872 0.397932
0 0 0 0
1 0 0 0
-0.102289 0.355763 -0.154411
-0.537059 0.266827 -0.800232
0 0 0 0
0.651862 0.405917
0 0 0 0
1 0 0 0
-0.096484 0.357748 -0.143968
-0.083979 0.980336 -0.178573
0 0 0 0
0.651862 0.41995
0 0 0 0
1 0 0 0
-0.099387 0.351793 -0.149935
-0.356608 -0.767028 -0.533385
0 0 0 0
0.651862 0.398174
0 0 0 0
1 0 0 0
-0.131317 0.355763 -0.132032
-0.680234 0.267631 -0.68239
0 0 0 0
0.71137 0.405917
0 0 0 0
1 0 0 0
-0.122609 0.357748 -0.123081
-0.1057 0.982432 -0.153802
0 0 0 0
0.71137 0.41995
0 0 0 0
1 0 0 0
-0.150186 0.351793 -0.100703
-0.536201 -0.764018 -0.358837
0 0 0 0
0.770637 0.398416
0 0 0 0
1 0 0 0
-0.170505 0.355763 -0.070865
-0.890631 0.265916 -0.368871
0 0 0 0
0.829663 0.406159
0 0 0 0
1 0 0 0
-0.160345 0.357748 -0.066389
-0.156552 0.982397 -0.101917
0 0 0 0
0.829663 0.41995
0 0 0 0
1 0 0 0
-0.176311 0.351793 -0.035059
-0.63502 -0.762377 -0.124625
0 0 0 0
0.888449 0.3989
0 0 0 0
1 0 0 0
-0.185019 0.355763 -0.000746
-0.963025 0.269411 -0.000804
0 0 0 0
0.942656 0.406401
0 0 0 0
1 0 0 0
-0.170505 0.357748 -0.033567
-0.213359 0.97609 -0.041539
0 0 0 0
0.888449 0.41995
0 0 0 0
1 0 0 0
-0.179213 0.351793 -0.000746
-0.644706 -0.764421 0.003971
0 0 0 0
0.942656 0.3989
0 0 0 0
1 0 0 0
-0.173408 0.357748 0.000746
0.485032 0.874497 -0.000053
0 0 0 0
0.942656 0.419708
0 0 0 0
1 0 0 0
-0.000691 0.020303 -0.000746
0.000003 1 -0.000003
0 0 0 0
0.765819 0.153312
0 0 0 0
1 0 0 0
0.141546 0.014348 0.000746
0.029221 0.999573 -0.00007
0 0 0 0
0.765819 0.005717
0 0 0 0
1 0 0 0
0.138643 0.014348 -0.027600
0.031125 0.999485 -0.007812
0 0 0 0
0.794488 0.008379
0 0 0 0
1 0 0 0
0.118323 0.014348 -0.078324
0.025262 0.99949 -0.019529
0 0 0 0
0.847973 0.030639
0 0 0 0
1 0 0 0
0.100907 0.014348 -0.100703
0.023342 0.999455 -0.02334
0 0 0 0
0.870138 0.049028
0 0 0 0
1 0 0 0
0.054462 0.014348 -0.132032
0.011692 0.999503 -0.029286
0 0 0 0
0.902181 0.096935
0 0 0 0
1 0 0 0
-0.000691 0.014348 -0.142476
0.000072 0.999573 -0.02922
0 0 0 0
0.913505 0.153312
0 0 0 0
1 0 0 0
-0.054393 0.014348 -0.132032
-0.009752 0.999581 -0.027259
0 0 0 0
0.902181 0.20993
0 0 0 0
1 0 0 0
-0.100838 0.014348 -0.100703
-0.025248 0.999447 -0.021623
0 0 0 0
0.870138 0.257838
0 0 0 0
1 0 0 0
-0.118255 0.014348 -0.078324
-0.025262 0.99949 -0.019529
0 0 0 0
0.847973 0.276227
0 0 0 0
1 0 0 0
-0.140026 0.014348 -0.027600
-0.029443 0.99955 -0.00574
0 0 0 0
0.794488 0.298245
0 0 0 0
1 0 0 0
-0.141477 0.016333 -0.000746
-0.031098 0.999515 -0.001675
0 0 0 0
0.765819 0.301149
0 0 0 0
1 0 0 0
-0.148734 0.000453 -0.000746
0.736543 -0.676385 0.002761
0 0 0 0
0.005705 0.382447
0 0 0 0
1 0 0 0
-0.145831 0.002438 -0.029092
0.718283 -0.680435 0.145184
0 0 0 0
0.055817 0.384624
0 0 0 0
1 0 0 0
-0.145831 0.006408 0.000746
0.867491 -0.497452 0.000693
0 0 0 0
0.005705 0.392125
0 0 0 0
1 0 0 0
-0.134220 0.006408 -0.055946
0.801366 -0.495583 0.334977
0 0 0 0
0.115326 0.392125
0 0 0 0
1 0 0 0
-0.137123 0.000453 -0.055946
0.678081 -0.678427 0.282743
0 0 0 0
0.115326 0.384624
0 0 0 0
1 0 0 0
-0.147283 0.000453 -0.029092
-0.894762 -0.409365 -0.178384
0 0 0 0
0.055817 0.382447
0 0 0 0
1 0 0 0
-0.148734 0.000453 -0.000746
-0.913898 -0.405945 -0.000179
0 0 0 0
0.005705 0.382447
0 0 0 0
1 0 0 0
-0.138574 0.000453 -0.057438
-0.842672 -0.411507 -0.347227
0 0 0 0
0.115326 0.382447
0 0 0 0
1 0 0 0
-0.122609 0.002438 -0.082800
0.60646 -0.682526 0.407878
0 0 0 0
0.175556 0.384624
0 0 0 0
1 0 0 0
-0.102289 0.006408 -0.102195
0.612863 -0.495404 0.615609
0 0 0 0
0.235546 0.392125
0 0 0 0
1 0 0 0
-0.137123 0.006408 -0.055946
-0.794795 0.538722 -0.279426
0 0 0 0
0.115326 0.37301
0 0 0 0
1 0 0 0
-0.147283 0.006408 0.000746
-0.782033 0.615851 0.09567
0 0 0 0
0.005705 0.37301
0 0 0 0
1 0 0 0
-0.125512 0.000453 -0.082800
-0.759698 -0.409486 -0.505154
0 0 0 0
0.175556 0.382447
0 0 0 0
1 0 0 0
-0.103741 0.000453 -0.103686
0.518623 -0.679775 0.518591
0 0 0 0
0.235546 0.384624
0 0 0 0
1 0 0 0
-0.103741 0.006408 -0.103686
-0.626771 0.539601 -0.562129
0 0 0 0
0.235546 0.37301
0 0 0 0
1 0 0 0
-0.105192 0.000453 -0.105178
-0.642982 -0.416993 -0.642411
0 0 0 0
0.235546 0.382447
0 0 0 0
1 0 0 0
-0.081970 0.002438 -0.123081
0.406077 -0.680512 0.609922
0 0 0 0
0.295054 0.384624
0 0 0 0
1 0 0 0
-0.055845 0.006408 -0.133524
0.332626 -0.494023 0.803307
0 0 0 0
0.354321 0.392125
0 0 0 0
1 0 0 0
-0.083421 0.000453 -0.124573
-0.506256 -0.414013 -0.756504
0 0 0 0
0.295054 0.382447
0 0 0 0
1 0 0 0
-0.055845 0.000453 -0.136508
0.276941 -0.682914 0.675968
0 0 0 0
0.354321 0.384624
0 0 0 0
1 0 0 0
-0.055845 0.006408 -0.136508
-0.366854 0.538941 -0.758262
0 0 0 0
0.354321 0.37301
0 0 0 0
1 0 0 0
-0.057296 0.000453 -0.138000
-0.349212 -0.412977 -0.841131
0 0 0 0
0.354321 0.382447
0 0 0 0
1 0 0 0
-0.028268 0.002438 -0.145459
0.142928 -0.682006 0.717245
0 0 0 0
0.413348 0.384624
0 0 0 0
1 0 0 0
-0.029719 0.000453 -0.146951
-0.188472 -0.413683 -0.890699
0 0 0 0
0.413348 0.382447
0 0 0 0
1 0 0 0
-0.000691 0.006408 -0.145459
0.00087 -0.516295 0.856411
0 0 0 0
0.471892 0.392125
0 0 0 0
1 0 0 0
-0.000691 0.000453 -0.148443
-0.000864 -0.731531 0.681807
0 0 0 0
0.471892 0.384624
0 0 0 0
1 0 0 0
-0.003594 0.006408 -0.146951
-0.001125 0.509469 -0.860488
0 0 0 0
0.468037 0.369623
0 0 0 0
1 0 0 0
-0.000691 0.000453 -0.148443
0.000428 -0.995324 0.096593
0 0 0 0
0.471892 0.384624
0 0 0 0
1 0 0 0
0.029788 0.002438 -0.148443
0.183875 -0.417858 -0.88971
0 0 0 0
0.531641 0.382447
0 0 0 0
1 0 0 0
0.029788 0.002438 -0.146951
-0.141902 -0.680321 0.719046
0 0 0 0
0.531641 0.384624
0 0 0 0
1 0 0 0
0.080587 0.006408 -0.121589
-0.483934 -0.493559 0.722639
0 0 0 0
0.651862 0.392125
0 0 0 0
1 0 0 0
0.055913 0.006408 -0.136508
0.283195 0.538952 -0.793304
0 0 0 0
0.591872 0.37301
0 0 0 0
1 0 0 0
0.057365 0.000453 -0.138000
0.346737 -0.418707 -0.83932
0 0 0 0
0.591872 0.382447
0 0 0 0
1 0 0 0
0.055913 0.000453 -0.136508
-0.278839 -0.681601 0.676513
0 0 0 0
0.591872 0.384624
0 0 0 0
1 0 0 0
0.082038 0.006408 -0.123081
0.429755 0.540683 -0.723169
0 0 0 0
0.651862 0.37301
0 0 0 0
1 0 0 0
0.083490 0.000453 -0.124573
0.505353 -0.417253 -0.755327
0 0 0 0
0.651862 0.382447
0 0 0 0
1 0 0 0
0.082038 0.000453 -0.123081
-0.406505 -0.681271 0.608789
0 0 0 0
0.651862 0.384624
0 0 0 0
1 0 0 0
0.106712 0.000453 -0.106670
0.646956 -0.412443 -0.641357
0 0 0 0
0.71137 0.382447
0 0 0 0
1 0 0 0
0.105261 0.002438 -0.105178
-0.517524 -0.68127 0.517726
0 0 0 0
0.71137 0.384624
0 0 0 0
1 0 0 0
0.121226 0.006408 -0.081308
-0.723843 -0.493621 0.482069
0 0 0 0
0.770637 0.392125
0 0 0 0
1 0 0 0
0.122678 0.006408 -0.082800
0.673378 0.540281 -0.504636
0 0 0 0
0.770637 0.37301
0 0 0 0
1 0 0 0
0.124129 0.000453 -0.082800
0.757633 -0.412879 -0.505493
0 0 0 0
0.770637 0.382447
0 0 0 0
1 0 0 0
0.122678 0.000453 -0.081308
-0.610739 -0.676595 0.41136
0 0 0 0
0.770637 0.384624
0 0 0 0
1 0 0 0
0.138643 0.000453 -0.057438
0.844702 -0.408559 -0.345772
0 0 0 0
0.829663 0.382447
0 0 0 0
1 0 0 0
0.138643 0.004423 -0.057438
-0.678842 -0.678134 0.281619
0 0 0 0
0.829663 0.384624
0 0 0 0
1 0 0 0
0.145900 0.006408 -0.000746
-0.87037 -0.492399 0.000451
0 0 0 0
0.942656 0.392125
0 0 0 0
1 0 0 0
0.144449 0.006408 -0.029092
0.832084 0.529776 -0.164237
0 0 0 0
0.888449 0.37301
0 0 0 0
1 0 0 0
0.145900 0.000453 -0.029092
0.89372 -0.410987 -0.179871
0 0 0 0
0.888449 0.382447
0 0 0 0
1 0 0 0
0.144449 0.000453 -0.029092
-0.719248 -0.68017 0.141604
0 0 0 0
0.888449 0.384624
0 0 0 0
1 0 0 0
0.145900 0.000453 0.000746
0.912101 -0.409965 0.000985
0 0 0 0
0.942656 0.382447
0 0 0 0
1 0 0 0
0.147351 0.000453 -0.000746
-0.733263 -0.679945 -0.00044
0 0 0 0
0.942656 0.384624
0 0 0 0
1 0 0 0
0.121226 0.006408 -0.081308
-0.001955 -0.999996 0.001947
0 0 0 0
0.657644 0.035236
0 0 0 0
1 0 0 0
0.145900 0.006408 -0.000746
-0.001955 -0.999996 0.001947
0 0 0 0
0.757627 0.004991
0 0 0 0
1 0 0 0
-0.145831 0.006408 0.000746
-0.001955 -0.999996 0.001947
0 0 0 0
0.757627 0.364542
0 0 0 0
1 0 0 0
0.080587 0.006408 -0.121589
0.001955 -0.999996 0.001947
0 0 0 0
0.608014 0.084837
0 0 0 0
1 0 0 0
-0.000691 0.006408 -0.145459
0.001955 -0.999996 0.001947
0 0 0 0
0.577657 0.184766
0 0 0 0
1 0 0 0
-0.055845 0.006408 -0.133524
0.001955 -0.999996 0.001947
0 0 0 0
0.59139 0.253483
0 0 0 0
1 0 0 0
-0.102289 0.006408 -0.102195
-0.001955 -0.999996 0.001947
0 0 0 0
0.63042 0.311795
0 0 0 0
1 0 0 0
-0.134220 0.006408 -0.055946
-0.001955 -0.999996 0.001947
0 0 0 0
0.688723 0.350992
0 0 0 0
1 0 0 0
0.005114 0.232695 -0.169330
-0.905556 0.038145 0.422509
0 0 0 0
0.912541 0.058464
0 0 0 0
1 0 0 0
0.005114 0.196965 -0.166346
-0.917866 0.03602 0.395253
0 0 0 0
0.912541 0.006443
0 0 0 0
1 0 0 0
0.008017 0.232695 -0.167838
-0.520022 0.084395 0.849973
0 0 0 0
0.906036 0.058464
0 0 0 0
1 0 0 0
0.005114 0.208875 -0.173805
-0.99999 -0.003218 0.003014
0 0 0 0
0.921937 0.025316
0 0 0 0
1 0 0 0
0.005114 0.196965 -0.185741
-0.968423 -0.037286 0.246507
0 0 0 0
0.941211 0.006443
0 0 0 0
1 0 0 0
0.005114 0.218800 -0.173805
-0.999989 0.004711 -0.000171
0 0 0 0
0.921937 0.039833
0 0 0 0
1 0 0 0
0.005114 0.230710 -0.188724
-0.976859 0.009452 0.213677
0 0 0 0
0.941452 0.058464
0 0 0 0
1 0 0 0
0.003663 0.204905 -0.185741
-0.895192 0.037345 0.444113
0 0 0 0
0.941452 0.019509
0 0 0 0
1 0 0 0
0.005114 0.208875 -0.179773
-0.99956 0.008891 0.02831
0 0 0 0
0.93326 0.028219
0 0 0 0
1 0 0 0
-0.000691 0.194980 -0.187232
0.000093 0.078158 0.996941
0 0 0 0
0.948679 0.006443
0 0 0 0
1 0 0 0
0.003663 0.222770 -0.187232
-0.818334 0.0687 0.570623
0 0 0 0
0.941693 0.04564
0 0 0 0
1 0 0 0
-0.000691 0.230710 -0.190216
0.000205 0.058772 0.998272
0 0 0 0
0.94892 0.058464
0 0 0 0
1 0 0 0
0.005114 0.216815 -0.182757
-0.999546 -0.005501 0.029641
0 0 0 0
0.933501 0.036688
0 0 0 0
1 0 0 0
-0.003594 0.222770 -0.187232
0.818334 0.0687 0.570623
0 0 0 0
0.955907 0.04564
0 0 0 0
1 0 0 0
-0.005046 0.196965 -0.185741
0.968206 -0.037547 0.247322
0 0 0 0
0.955907 0.006443
0 0 0 0
1 0 0 0
-0.005046 0.230710 -0.188724
0.97661 0.009063 0.214828
0 0 0 0
0.956148 0.058464
0 0 0 0
1 0 0 0
-0.005046 0.218800 -0.173805
0.999995 -0.001193 0.002855
0 0 0 0
0.975422 0.039591
0 0 0 0
1 0 0 0
-0.005046 0.216815 -0.181265
0.999558 -0.00677 0.028965
0 0 0 0
0.964098 0.036446
0 0 0 0
1 0 0 0
-0.005046 0.232695 -0.169330
0.929838 0.029572 0.366779
0 0 0 0
0.985059 0.058222
0 0 0 0
1 0 0 0
-0.005046 0.208875 -0.173805
0.999997 -0.002359 0.000118
0 0 0 0
0.975422 0.025074
0 0 0 0
1 0 0 0
-0.005046 0.196965 -0.166346
0.929642 0.033886 0.366904
0 0 0 0
0.984577 0.006201
0 0 0 0
1 0 0 0
-0.007948 0.232695 -0.166346
0.70785 0.06164 0.703668
0 0 0 0
0.991564 0.058222
0 0 0 0
1 0 0 0
-0.007948 0.196965 -0.164854
0.705815 0.064467 0.705457
0 0 0 0
0.991082 0.006201
0 0 0 0
1 0 0 0
0.005114 0.218800 -0.173805
0.54801 -0.755901 -0.35819
0 0 0 0
0.826772 0.330426
0 0 0 0
1 0 0 0
0.005114 0.214830 -0.170822
0.999997 -0.002369 0.00009
0 0 0 0
0.821231 0.337442
0 0 0 0
1 0 0 0
0.005114 0.208875 -0.173805
0.548266 0.691147 -0.470872
0 0 0 0
0.826772 0.344459
0 0 0 0
1 0 0 0
0.005114 0.208875 -0.173805
0.998358 0.02577 -0.051167
0 0 0 0
0.826049 0.345669
0 0 0 0
1 0 0 0
0.005114 0.208875 -0.179773
0.999898 0.014259 -0.000711
0 0 0 0
0.835686 0.345669
0 0 0 0
1 0 0 0
0.005114 0.218800 -0.173805
0.999369 -0.033352 -0.012257
0 0 0 0
0.826772 0.330426
0 0 0 0
1 0 0 0
0.005114 0.216815 -0.182757
0.999799 -0.019991 -0.0015
0 0 0 0
0.839059 0.332845
0 0 0 0
1 0 0 0
0.005114 0.196965 -0.185741
0.95867 -0.103941 -0.264854
0 0 0 0
0.84701 0.364542
0 0 0 0
1 0 0 0
0.005114 0.230710 -0.188724
0.964606 0.051436 -0.25863
0 0 0 0
0.847251 0.309375
0 0 0 0
1 0 0 0
-0.000691 0.230710 -0.190216
0.003906 0.000008 -0.999992
0 0 0 0
0.855924 0.310343
0 0 0 0
1 0 0 0
-0.000691 0.194980 -0.187232
0 -0.174324 -0.984688
0 0 0 0
0.855924 0.364542
0 0 0 0
1 0 0 0
0.010920 0.464936 -0.117114
0.981214 0.129396 -0.143093
0 0 0 0
0.971085 0.322199
1 0 0 0
1 0 0 0
0.003663 0.464936 -0.117114
-0.996511 -0.021453 0.080662
0 0 0 0
0.988914 0.321715
1 0 0 0
1 0 0 0
0.009468 0.486771 -0.088768
-0.131555 0.88894 -0.438725
0 0 0 0
0.978313 0.262919
1 0 0 0
1 0 0 0
0.003663 0.464936 -0.117114
-0.996225 -0.02206 0.083954
0 0 0 0
0.95398 0.321957
1 0 0 0
1 0 0 0
0.008017 0.462951 -0.114130
0.143435 -0.806747 0.573224
0 0 0 0
0.964098 0.321473
1 0 0 0
1 0 0 0
0.013823 0.484786 -0.087276
0.980927 0.137685 -0.137204
0 0 0 0
0.971085 0.262677
1 0 0 0
1 0 0 0
0.006566 0.482801 -0.087276
-0.994394 -0.032356 0.100671
0 0 0 0
0.988914 0.263161
1 0 0 0
1 0 0 0
0.015274 0.496696 -0.055946
-0.103177 0.963586 -0.246693
0 0 0 0
0.971085 0.206301
1 0 0 0
1 0 0 0
0.006566 0.482801 -0.087276
-0.994394 -0.032356 0.100671
0 0 0 0
0.95398 0.263161
1 0 0 0
1 0 0 0
0.010920 0.480816 -0.085784
0.132912 -0.89581 0.424098
0 0 0 0
0.964098 0.262919
1 0 0 0
1 0 0 0
0.015274 0.496696 -0.055946
0.984684 0.150838 -0.08744
0 0 0 0
0.971085 0.206301
1 0 0 0
1 0 0 0
0.009468 0.494711 -0.054454
-0.995912 -0.043322 0.079259
0 0 0 0
0.988914 0.205575
1 0 0 0
1 0 0 0
0.013823 0.504636 -0.020140
-0.110994 0.984772 -0.13381
0 0 0 0
0.978313 0.148715
1 0 0 0
1 0 0 0
0.009468 0.494711 -0.054454
-0.995714 -0.044118 0.081283
0 0 0 0
0.95398 0.205575
1 0 0 0
1 0 0 0
0.012371 0.492726 -0.054454
0.129561 -0.965356 0.2265
0 0 0 0
0.964098 0.205575
1 0 0 0
1 0 0 0
0.016725 0.500666 -0.020140
0.993294 0.103711 -0.051108
0 0 0 0
0.971085 0.148473
1 0 0 0
1 0 0 0
0.010920 0.500666 -0.018649
-0.992675 -0.108591 0.052952
0 0 0 0
0.988914 0.147989
1 0 0 0
1 0 0 0
0.010920 0.500666 -0.018649
-0.992675 -0.108591 0.052952
0 0 0 0
0.95398 0.147989
1 0 0 0
1 0 0 0
0.013823 0.496696 -0.018649
0.11306 -0.985187 0.128938
0 0 0 0
0.964098 0.147747
1 0 0 0
1 0 0 0
0.010920 0.500666 -0.018649
-0.992675 -0.108591 0.052952
0 0 0 0
0.95398 0.147989
1 0 0 0
1 0 0 0
0.013823 0.496696 -0.018649
0.11306 -0.985187 0.128938
0 0 0 0
0.964098 0.147747
1 0 0 0
1 0 0 0
0.010920 0.502651 0.000746
-0.998666 -0.051642 0.000278
0 0 0 0
0.95398 0.096935
1 0 0 0
1 0 0 0
0.018177 0.502651 0.000746
0.907785 -0.419397 0.005667
0 0 0 0
0.971085 0.096693
1 0 0 0
1 0 0 0
0.018177 0.502651 0.000746
0.979257 0.20261 0.002238
0 0 0 0
0.971085 0.096693
1 0 0 0
1 0 0 0
0.016725 0.500666 -0.020140
0.993294 0.103711 -0.051108
0 0 0 0
0.971085 0.148473
1 0 0 0
1 0 0 0
0.013823 0.506621 0.000746
-0.082209 0.996613 -0.001839
0 0 0 0
0.978313 0.096451
1 0 0 0
1 0 0 0
0.013823 0.504636 -0.020140
-0.110994 0.984772 -0.13381
0 0 0 0
0.978313 0.148715
1 0 0 0
1 0 0 0
0.010920 0.500666 -0.018649
-0.992675 -0.108591 0.052952
0 0 0 0
0.988914 0.147989
1 0 0 0
1 0 0 0
0.010920 0.502651 0.000746
-0.998731 -0.050278 0.002856
0 0 0 0
0.988914 0.096935
1 0 0 0
1 0 0 0
803
2 1 0
1 3 0
3 4 0
5 3 1
5 1 6
7 4 3
6 8 5
7 5 8
7 8 4
9 4 8
10 8 6
9 8 10
9 10 11
11 10 12
13 9 11
14 9 13
11 15 13
14 13 16
16 13 15
11 12 17
11 18 15
17 18 11
16 17 19
19 17 12
16 19 20
14 16 20
19 21 20
24 23 22
22 23 25
25 23 26
23 27 26
28 22 25
25 29 28
29 25 26
28 30 22
31 22 30
28 32 30
33 29 26
33 26 34
33 34 31
35 33 31
35 31 30
30 36 35
37 30 32
37 36 30
38 36 37
29 33 39
39 40 29
29 40 41
39 33 42
42 33 43
43 33 44
45 39 42
38 37 46
47 38 46
37 48 46
49 48 37
50 47 46
51 47 50
49 47 51
52 47 49
49 53 48
53 49 51
49 54 52
55 54 49
56 48 53
56 53 51
56 51 57
58 54 55
52 59 47
59 52 60
47 59 61
62 47 61
65 64 63
63 64 66
66 67 63
64 68 66
66 68 69
66 69 70
67 66 70
68 71 69
69 71 72
70 69 72
71 73 72
70 74 67
74 75 67
76 74 70
72 77 70
77 76 70
72 73 78
78 79 72
79 77 72
73 80 78
81 79 78
84 83 82
83 84 85
84 86 85
87 83 85
87 88 83
89 87 85
90 89 85
85 86 90
86 91 90
92 88 87
93 92 87
89 93 87
92 94 88
95 89 90
96 95 90
90 91 96
97 95 96
97 89 95
97 98 89
99 93 89
98 99 89
91 100 96
101 98 97
104 103 102
105 103 104
105 106 103
107 106 105
108 106 107
108 109 106
110 109 108
110 111 109
112 111 110
113 111 112
114 113 112
114 115 113
116 115 114
116 117 115
118 117 116
118 119 117
120 119 118
120 121 119
124 123 122
125 123 124
126 125 124
127 123 125
128 123 127
129 125 126
127 125 130
130 125 129
131 129 126
132 129 131
130 129 133
133 129 132
134 132 131
132 134 135
135 136 132
133 132 136
135 134 137
135 138 136
137 139 135
139 138 135
140 139 137
141 139 140
138 139 141
138 141 142
143 141 140
144 141 143
142 141 144
142 144 145
146 144 143
147 144 146
145 144 147
145 147 148
148 147 149
150 148 149
149 147 151
151 147 152
153 149 151
156 155 154
155 157 154
157 158 154
158 159 154
159 160 154
160 161 154
161 162 154
162 163 154
154 163 164
167 166 165
168 166 167
169 168 167
170 169 167
170 167 171
172 169 170
173 168 169
172 173 169
174 168 173
170 175 172
171 176 170
176 175 170
172 175 177
177 173 172
177 178 173
178 174 173
175 179 177
177 179 180
180 178 177
180 181 178
181 174 178
182 174 181
180 179 183
183 181 180
183 184 181
184 182 181
179 185 183
183 185 186
186 184 183
186 187 184
187 182 184
186 185 188
188 187 186
189 182 187
187 188 190
190 189 187
191 188 185
192 188 191
191 193 192
190 193 194
194 189 190
195 189 194
191 196 193
193 196 197
197 194 193
198 194 197
198 195 194
196 199 197
197 199 200
200 198 197
201 198 200
201 195 198
200 199 202
202 201 200
203 201 202
203 195 201
204 195 203
199 205 202
202 205 206
206 203 202
207 203 206
207 204 203
206 205 208
208 207 206
209 207 208
209 204 207
210 204 209
205 211 208
208 211 212
212 209 208
213 209 212
213 210 209
211 214 212
214 213 212
215 213 214
218 217 216
220 216 219
217 219 216
218 221 217
221 222 217
221 223 222
220 219 224
224 225 220
225 224 223
224 226 223
219 226 224
221 225 223
226 227 223
228 226 219
221 229 225
230 229 221
230 221 231
231 221 232
232 221 233
234 230 231
230 235 229
229 235 236
239 238 237
239 240 238
241 240 239
242 240 241
238 240 243
243 244 238
245 244 243
248 247 246
251 250 249
250 252 249
253 252 250
249 252 254
249 254 255
253 256 252
254 252 257
257 252 256
258 256 253
256 258 259
257 256 259
255 254 260
254 261 260
254 257 261
262 257 259
263 261 257
263 257 262
264 261 263
260 261 264
255 260 265
260 264 265
255 265 266
267 263 262
267 264 263
268 264 267
265 264 268
266 265 269
265 268 269
270 267 262
270 268 267
271 268 270
269 268 271
266 269 272
269 271 272
273 271 270
272 271 274
274 271 273
273 270 275
276 273 275
277 274 273
277 273 276
274 277 278
274 278 279
272 274 279
280 272 279
277 276 281
277 281 282
282 278 277
283 278 282
278 283 279
280 279 284
284 279 285
285 279 283
282 281 286
283 282 287
287 282 288
282 286 288
289 288 286
287 288 290
290 288 291
291 288 289
289 292 291
293 287 290
294 287 293
290 291 295
293 290 296
296 290 295
291 292 297
297 298 291
295 291 298
299 295 298
296 295 299
293 296 300
300 301 293
293 301 294
300 296 302
296 299 302
302 299 303
303 299 304
299 298 304
305 298 297
298 306 304
306 298 305
305 297 307
303 304 308
308 304 309
304 306 309
310 306 305
306 310 309
305 307 311
312 310 305
305 311 312
308 309 313
313 309 314
309 310 314
315 310 312
310 315 314
312 311 316
313 314 317
317 314 318
314 315 318
319 315 312
315 319 318
312 316 320
321 319 312
312 320 321
317 318 322
322 318 323
318 319 323
324 319 321
319 324 323
321 320 325
321 325 326
326 324 321
322 323 327
327 323 328
323 324 328
329 324 326
324 329 328
326 325 330
326 330 331
326 331 329
327 328 332
332 328 333
328 329 333
329 331 334
329 334 333
331 330 335
332 333 336
336 333 337
340 339 338
343 342 341
344 342 343
345 342 344
343 346 344
347 345 344
348 344 346
349 344 348
347 344 349
350 345 347
346 351 348
352 350 347
352 347 353
353 347 349
353 349 354
354 349 355
349 348 355
348 351 356
357 348 356
355 348 357
351 358 356
356 358 359
359 357 356
354 355 360
360 355 361
355 357 361
361 357 362
362 357 359
358 363 359
359 363 364
364 362 359
360 361 365
365 361 366
361 362 366
366 362 367
367 362 364
363 368 364
364 368 369
364 369 367
365 366 370
370 366 371
366 367 371
371 367 372
367 369 372
369 368 373
374 369 373
372 369 375
375 369 374
376 372 375
371 372 376
377 370 371
376 377 371
375 378 376
379 377 376
376 380 379
376 378 380
379 380 381
378 382 380
380 382 383
381 380 383
381 383 384
378 385 382
386 385 378
387 383 382
387 382 388
388 382 385
385 389 388
386 390 385
385 390 389
391 387 388
388 389 392
388 392 391
383 393 384
383 394 393
384 393 395
393 394 396
394 391 396
393 397 395
393 396 397
392 398 391
391 398 399
396 391 399
397 396 400
396 399 400
395 397 401
398 402 399
399 402 403
400 399 403
397 400 404
400 403 404
401 397 405
397 404 406
397 406 405
402 407 403
403 407 408
404 403 408
215 210 213
409 210 215
412 411 410
410 411 413
413 411 414
414 411 415
415 411 416
416 411 417
417 411 418
421 420 419
421 419 422
422 419 423
424 422 423
425 422 424
421 422 426
426 422 427
425 427 422
421 426 428
429 427 425
428 426 430
426 427 431
432 426 431
430 426 432
431 427 433
431 433 432
434 427 429
434 433 427
430 432 435
432 433 436
435 432 436
437 433 434
437 436 433
435 436 438
439 436 437
442 441 440
442 440 443
442 443 444
445 443 440
446 443 445
446 447 443
444 443 447
448 447 446
445 448 446
444 447 449
450 448 445
450 445 451
451 445 440
451 440 452
449 447 453
454 447 448
454 455 447
453 447 455
456 454 448
457 448 450
457 456 448
457 450 458
458 450 451
459 451 452
460 451 459
458 451 460
461 454 456
464 463 462
465 463 464
466 465 464
467 465 466
468 467 466
469 467 468
470 469 468
471 469 470
472 471 470
473 471 472
474 473 472
473 474 475
476 475 474
477 475 476
478 477 476
479 477 478
480 479 478
481 479 480
482 481 480
483 481 482
486 485 484
487 486 484
487 488 486
484 489 487
490 489 484
491 488 487
489 492 487
487 492 491
491 493 488
494 493 491
492 495 491
491 495 494
494 496 493
497 496 494
495 498 494
494 498 497
497 499 496
498 500 497
497 500 501
501 499 497
502 499 501
503 502 501
500 503 501
500 504 503
503 505 502
506 505 503
504 507 503
503 507 506
506 508 505
509 508 506
507 510 506
506 510 509
509 511 508
512 511 509
510 513 509
509 513 512
512 514 511
513 515 512
518 517 516
519 518 516
520 519 516
521 520 516
522 521 516
523 522 516
524 523 516
525 524 516
526 525 516
526 516 527
530 529 528
531 529 530
531 532 529
529 532 533
534 529 533
533 532 535
531 536 532
532 536 535
537 536 531
538 533 535
539 534 533
539 533 538
538 535 540
535 536 540
536 541 540
541 536 537
538 540 542
542 540 543
540 541 543
541 544 543
537 544 541
545 544 537
542 543 546
543 544 546
544 547 546
545 547 544
542 546 548
548 546 549
546 547 549
547 550 549
545 550 547
548 549 551
549 550 551
552 550 545
553 551 550
550 552 553
551 554 548
555 554 551
555 556 554
556 553 557
552 557 553
558 557 552
554 556 559
559 556 560
557 560 556
561 560 557
558 561 557
559 560 562
562 560 563
561 563 560
564 563 561
558 564 561
562 563 565
564 565 563
566 565 564
558 566 564
567 566 558
562 565 568
568 565 569
566 569 565
570 569 566
567 570 566
568 569 571
570 571 569
572 571 570
567 572 570
573 572 567
568 571 574
574 571 575
572 575 571
576 575 572
573 576 572
574 575 577
576 577 575
578 577 576
573 578 576
581 580 579
581 579 582
581 582 583
581 583 584
581 584 585
581 585 586
589 588 587
590 587 588
591 590 588
590 592 587
587 592 593
591 594 590
590 594 595
591 596 594
597 595 594
594 596 597
597 593 592
597 596 598
597 598 593
597 599 595
592 599 597
598 596 600
596 601 600
598 600 602
602 600 603
604 600 601
604 603 600
603 605 602
603 606 605
604 601 606
605 606 607
606 601 607
605 607 608
608 607 609
612 611 610
612 613 611
612 614 613
613 243 611
243 613 614
243 240 611
611 240 615
615 240 616
616 617 614
243 614 617
618 617 616
240 618 616
618 619 617
617 619 216
617 216 620
216 619 218
220 620 216
406 404 621
404 408 621
405 406 622
406 623 622
406 621 623
407 624 408
408 624 625
621 408 625
623 621 626
621 625 626
622 623 627
623 628 627
623 626 628
624 629 625
625 629 630
626 625 630
626 630 631
627 628 632
628 633 632
629 634 630
630 634 635
631 630 635
633 631 636
631 635 636
632 633 637
634 638 635
635 638 639
636 635 639
642 641 640
643 641 642
645 641 644
646 645 644
647 645 646
646 648 647
649 648 646
