0
1
submesh_0
1
1
tlou2_0
0
233
0.000579 -0.001798 0.154909
0.17237 -0.085487 0.981316
0 0 0 0
0.942543 0.424064
0 0 0 0
1 0 0 0
0.039539 0.360569 0.179992
0.244778 -0.152486 0.957513
0 0 0 0
0.888355 0.993876
0 0 0 0
1 0 0 0
-0.005193 0.352561 0.179992
0.135975 -0.094236 0.98622
0 0 0 0
0.942543 0.993876
0 0 0 0
1 0 0 0
0.129003 -0.003800 0.088512
0.828857 -0.09393 0.551519
0 0 0 0
0.651858 0.423338
0 0 0 0
1 0 0 0
0.162191 0.242450 0.072282
0.919328 -0.101457 0.380188
0 0 0 0
0.591891 0.806842
0 0 0 0
1 0 0 0
0.149204 0.358567 0.100316
0.822191 -0.141326 0.551388
0 0 0 0
0.651858 0.994118
0 0 0 0
1 0 0 0
0.180949 0.352561 -0.000016
0.992528 -0.121376 -0.012479
0 0 0 0
0.471956 0.994118
0 0 0 0
1 0 0 0
0.146318 0.004208 -0.000016
0.997833 -0.065789 0.000561
0 0 0 0
0.471956 0.423338
0 0 0 0
1 0 0 0
0.129003 -0.003800 0.088512
0.827858 -0.095527 0.552744
0 0 0 0
0.651858 0.423338
0 0 0 0
1 0 0 0
0.039539 0.360569 0.179992
0.060165 0.809807 0.583604
0 0 0 0
0.413193 0.420192
0 0 0 0
1 0 0 0
-0.035495 0.358567 0.169663
-0.033395 0.779472 0.625546
0 0 0 0
0.531442 0.420192
0 0 0 0
1 0 0 0
-0.005193 0.352561 0.179992
-0.019994 -0.573497 0.818964
0 0 0 0
0.483035 0.39769
0 0 0 0
1 0 0 0
-0.100428 0.350559 0.151958
-0.36855 0.266351 0.890634
0 0 0 0
0.651858 0.398174
0 0 0 0
1 0 0 0
-0.133616 0.358567 0.138678
-0.679814 0.266174 0.683377
0 0 0 0
0.711344 0.405917
0 0 0 0
1 0 0 0
-0.145160 0.358567 0.097365
-0.180106 0.976087 0.121722
0 0 0 0
0.770588 0.41995
0 0 0 0
1 0 0 0
-0.150932 0.348557 0.100316
-0.869184 -0.098212 0.484638
0 0 0 0
0.770588 0.398416
0 0 0 0
1 0 0 0
-0.187006 0.358567 -0.002967
-0.962607 0.270899 0.000761
0 0 0 0
0.942543 0.406401
0 0 0 0
1 0 0 0
-0.100428 0.350559 0.151958
-0.35748 -0.764619 0.536251
0 0 0 0
0.651858 0.398174
0 0 0 0
1 0 0 0
-0.150932 0.348557 0.100316
-0.869184 -0.098212 0.484638
0 0 0 0
0.770588 0.398416
0 0 0 0
1 0 0 0
-0.187006 0.358567 -0.002967
0.995386 0.095944 -0.00079
0 0 0 0
0.004983 0.36309
0 0 0 0
1 0 0 0
-0.145160 0.358567 0.097365
0.826512 0.092745 -0.555227
0 0 0 0
0.11143 0.36309
0 0 0 0
1 0 0 0
-0.146603 0.014218 0.001460
0.995564 0.094084 0.000413
0 0 0 0
0.004983 0.003297
0 0 0 0
1 0 0 0
-0.104757 0.010214 0.103267
0.704036 0.091906 -0.704192
0 0 0 0
0.147074 0.003297
0 0 0 0
1 0 0 0
-0.035495 0.358567 0.169663
0.161022 0.091263 -0.982722
0 0 0 0
0.253762 0.36309
0 0 0 0
1 0 0 0
0.000579 0.012216 0.147531
0.001518 0.09373 -0.995597
0 0 0 0
0.292536 0.003297
0 0 0 0
1 0 0 0
0.039539 0.360569 0.179992
-0.178287 0.092519 -0.979619
0 0 0 0
0.324326 0.36309
0 0 0 0
1 0 0 0
0.104472 0.012216 0.104743
-0.70382 0.093421 -0.704209
0 0 0 0
0.430533 0.003297
0 0 0 0
1 0 0 0
0.149204 0.358567 0.100316
-0.826812 0.095229 -0.554359
0 0 0 0
0.465695 0.36309
0 0 0 0
1 0 0 0
0.146318 0.014218 -0.000016
-0.995287 0.096968 0.000372
0 0 0 0
0.570938 0.003297
0 0 0 0
1 0 0 0
0.173734 0.358567 -0.000016
-0.995574 0.093972 0.001176
0 0 0 0
0.570938 0.36309
0 0 0 0
1 0 0 0
0.180949 0.352561 -0.000016
0.992743 -0.119369 -0.014603
0 0 0 0
0.005705 0.405675
0 0 0 0
1 0 0 0
0.172291 0.356565 0.067856
0.891105 0.266249 0.367482
0 0 0 0
0.115284 0.405433
0 0 0 0
1 0 0 0
0.149204 0.358567 0.100316
0.534808 -0.7645 0.359889
0 0 0 0
0.175492 0.420434
0 0 0 0
1 0 0 0
0.149204 0.358567 0.100316
0.174371 0.981895 0.074009
0 0 0 0
0.175492 0.420434
0 0 0 0
1 0 0 0
0.172291 0.356565 0.067856
0.891167 0.267423 0.366477
0 0 0 0
0.115284 0.405433
0 0 0 0
1 0 0 0
0.173734 0.358567 -0.000016
0.189873 0.981808 0.001452
0 0 0 0
0.005705 0.420192
0 0 0 0
1 0 0 0
0.180949 0.352561 -0.000016
0.992743 -0.119369 -0.014603
0 0 0 0
0.005705 0.405675
0 0 0 0
1 0 0 0
-0.146603 0.014218 0.001460
-0.031343 0.999507 0.001911
0 0 0 0
0.765772 0.301149
0 0 0 0
1 0 0 0
0.104472 0.012216 0.104743
0.023617 0.99945 0.023292
0 0 0 0
0.870293 0.049028
0 0 0 0
1 0 0 0
0.146318 0.014218 -0.000016
0.031201 0.999511 -0.002185
0 0 0 0
0.765772 0.005717
0 0 0 0
1 0 0 0
0.000579 0.012216 0.147531
-0.001852 0.999507 0.031347
0 0 0 0
0.913402 0.153312
0 0 0 0
1 0 0 0
-0.104757 0.010214 0.103267
-0.023617 0.99945 0.023292
0 0 0 0
0.870293 0.257838
0 0 0 0
1 0 0 0
-0.152375 0.002206 -0.000016
-0.994595 -0.103809 0.001972
0 0 0 0
0.471956 0.423338
0 0 0 0
1 0 0 0
-0.150932 0.348557 0.100316
-0.869892 -0.096545 0.483702
0 0 0 0
0.295185 0.994118
0 0 0 0
1 0 0 0
-0.187006 0.358567 -0.002967
-0.98995 -0.141421 -0.000365
0 0 0 0
0.471956 0.994118
0 0 0 0
1 0 0 0
-0.109086 0.000204 0.107694
-0.703309 -0.093192 0.704749
0 0 0 0
0.235459 0.423338
0 0 0 0
1 0 0 0
-0.100428 0.350559 0.151958
-0.55417 -0.087464 0.827796
0 0 0 0
0.175492 0.994118
0 0 0 0
1 0 0 0
0.000579 -0.001798 0.154909
-0.093687 -0.07934 0.992435
0 0 0 0
0.009558 0.42358
0 0 0 0
1 0 0 0
-0.005193 0.352561 0.179992
-0.188288 -0.037477 0.981399
0 0 0 0
0.009558 0.993392
0 0 0 0
1 0 0 0
-0.109086 0.000204 0.107694
-0.001929 -0.999996 0.001888
0 0 0 0
0.630424 0.311795
0 0 0 0
1 0 0 0
-0.152375 0.002206 -0.000016
-0.001929 -0.999996 0.001956
0 0 0 0
0.757583 0.364542
0 0 0 0
1 0 0 0
0.000579 -0.001798 0.154909
-0.001955 -0.999996 0.001947
0 0 0 0
0.577682 0.184766
0 0 0 0
1 0 0 0
0.129003 -0.003800 0.088512
0.001716 -0.999997 0.001622
0 0 0 0
0.657638 0.035236
0 0 0 0
1 0 0 0
0.146318 0.004208 -0.000016
0.003406 -0.999989 0.003133
0 0 0 0
0.757583 0.004991
0 0 0 0
1 0 0 0
-0.187006 0.358567 -0.002967
0.995962 0.089679 0.004254
0 0 0 0
0.004983 0.36309
0 0 0 0
1 0 0 0
-0.146603 0.014218 0.001460
0.995989 0.089475 0.001102
0 0 0 0
0.004983 0.003297
0 0 0 0
1 0 0 0
-0.104757 0.008212 -0.109200
0.700894 0.093113 0.707162
0 0 0 0
0.147074 0.003297
0 0 0 0
1 0 0 0
-0.104757 0.362571 -0.154940
0.55153 0.09282 0.828975
0 0 0 0
0.182717 0.36309
0 0 0 0
1 0 0 0
0.035210 0.362571 -0.175597
-0.178801 0.092019 0.979573
0 0 0 0
0.324326 0.36309
0 0 0 0
1 0 0 0
0.053969 0.008212 -0.141661
-0.382224 0.09119 0.919559
0 0 0 0
0.359729 0.003297
0 0 0 0
1 0 0 0
0.097257 0.366576 -0.146087
-0.553957 0.092853 0.827351
0 0 0 0
0.395131 0.36309
0 0 0 0
1 0 0 0
0.120345 0.014218 -0.078216
-0.82865 0.092848 0.552013
0 0 0 0
0.465695 0.003297
0 0 0 0
1 0 0 0
0.144875 0.358567 -0.097397
-0.827293 0.095183 0.553648
0 0 0 0
0.465695 0.36309
0 0 0 0
1 0 0 0
0.173734 0.358567 -0.000016
-0.995527 0.094463 0.001414
0 0 0 0
0.570938 0.36309
0 0 0 0
1 0 0 0
0.146318 0.014218 -0.000016
-0.995613 0.093543 -0.001937
0 0 0 0
0.570938 0.003297
0 0 0 0
1 0 0 0
0.035210 0.362571 -0.175597
0.180069 0.535814 -0.824911
0 0 0 0
0.413193 0.420192
0 0 0 0
1 0 0 0
-0.003750 0.350559 -0.181498
0.015116 -0.090865 -0.995749
0 0 0 0
0.481349 0.399626
0 0 0 0
1 0 0 0
-0.104757 0.362571 -0.154940
-0.557567 -0.082458 -0.826027
0 0 0 0
0.651858 0.405917
0 0 0 0
1 0 0 0
0.069841 0.352561 -0.168219
0.218184 -0.109615 -0.969732
0 0 0 0
0.35443 0.396964
0 0 0 0
1 0 0 0
0.097257 0.366576 -0.146087
0.539942 0.26666 -0.798345
0 0 0 0
0.295185 0.405191
0 0 0 0
1 0 0 0
0.152090 0.350559 -0.101823
0.833697 -0.155313 -0.529932
0 0 0 0
0.175492 0.397206
0 0 0 0
1 0 0 0
0.144875 0.358567 -0.097397
0.172004 0.982388 -0.073001
0 0 0 0
0.175492 0.420434
0 0 0 0
1 0 0 0
0.175177 0.356565 -0.070838
0.891302 0.266175 -0.367058
0 0 0 0
0.115284 0.405433
0 0 0 0
1 0 0 0
0.180949 0.352561 -0.000016
0.99266 -0.120055 -0.014576
0 0 0 0
0.005705 0.405675
0 0 0 0
1 0 0 0
0.173734 0.358567 -0.000016
0.18693 0.982367 0.003496
0 0 0 0
0.005705 0.420192
0 0 0 0
1 0 0 0
-0.146603 0.014218 0.001460
-0.031125 0.999514 -0.001904
0 0 0 0
0.765772 0.301149
0 0 0 0
1 0 0 0
0.146318 0.014218 -0.000016
0.031246 0.99951 0.00161
0 0 0 0
0.765772 0.005717
0 0 0 0
1 0 0 0
0.120345 0.014218 -0.078216
0.027065 0.999438 -0.019804
0 0 0 0
0.847895 0.030639
0 0 0 0
1 0 0 0
0.053969 0.008212 -0.141661
0.013496 0.999535 -0.027364
0 0 0 0
0.902324 0.096935
0 0 0 0
1 0 0 0
-0.104757 0.008212 -0.109200
-0.023342 0.999455 -0.02334
0 0 0 0
0.870293 0.257838
0 0 0 0
1 0 0 0
-0.111972 -0.001798 -0.107725
-0.70382 -0.093421 -0.704209
0 0 0 0
0.235459 0.423338
0 0 0 0
1 0 0 0
-0.152375 0.002206 -0.000016
-0.994648 -0.103306 -0.002039
0 0 0 0
0.471956 0.423338
0 0 0 0
1 0 0 0
-0.187006 0.358567 -0.002967
-0.989284 -0.146001 -0.001291
0 0 0 0
0.471956 0.994118
0 0 0 0
1 0 0 0
-0.104757 0.362571 -0.154940
-0.556661 -0.080474 -0.826833
0 0 0 0
0.175492 0.994118
0 0 0 0
1 0 0 0
0.002022 -0.001798 -0.154940
0.122983 -0.09378 -0.987968
0 0 0 0
0.009558 0.42358
0 0 0 0
1 0 0 0
-0.003750 0.350559 -0.181498
0.011916 -0.094224 -0.99548
0 0 0 0
0.006428 0.993392
0 0 0 0
1 0 0 0
0.159305 0.242450 -0.064936
0.919378 -0.104556 -0.379225
0 0 0 0
0.591891 0.806842
0 0 0 0
1 0 0 0
0.146318 0.004208 -0.000016
0.997734 -0.067287 -0.000438
0 0 0 0
0.471956 0.423338
0 0 0 0
1 0 0 0
0.127560 -0.003800 -0.087068
0.827467 -0.095608 -0.553315
0 0 0 0
0.651858 0.423338
0 0 0 0
1 0 0 0
0.180949 0.352561 -0.000016
0.992827 -0.119087 -0.010654
0 0 0 0
0.471956 0.994118
0 0 0 0
1 0 0 0
0.152090 0.350559 -0.101823
0.834979 -0.154618 -0.528114
0 0 0 0
0.651858 0.994118
0 0 0 0
1 0 0 0
0.095814 0.242450 -0.144612
0.555321 -0.101147 -0.825462
0 0 0 0
0.770588 0.806842
0 0 0 0
1 0 0 0
0.127560 -0.003800 -0.087068
0.826864 -0.095188 -0.554289
0 0 0 0
0.651858 0.423338
0 0 0 0
1 0 0 0
0.069841 0.352561 -0.168219
0.220605 -0.109654 -0.96918
0 0 0 0
0.829592 0.994118
0 0 0 0
1 0 0 0
-0.003750 0.350559 -0.181498
0.283549 -0.10495 -0.953198
0 0 0 0
0.942543 0.993876
0 0 0 0
1 0 0 0
0.002022 -0.001798 -0.154940
0.121255 -0.097317 -0.987839
0 0 0 0
0.942543 0.424064
0 0 0 0
1 0 0 0
-0.111972 -0.001798 -0.107725
-0.001549 -0.999998 0.001656
0 0 0 0
0.630424 0.311795
0 0 0 0
1 0 0 0
0.002022 -0.001798 -0.154940
0.001955 -0.999996 0.001947
0 0 0 0
0.577682 0.184766
0 0 0 0
1 0 0 0
-0.152375 0.002206 -0.000016
-0.001955 -0.999996 0.001947
0 0 0 0
0.757583 0.364542
0 0 0 0
1 0 0 0
0.127560 -0.003800 -0.087068
-0.003768 -0.999987 0.003588
0 0 0 0
0.657638 0.035236
0 0 0 0
1 0 0 0
0.146318 0.004208 -0.000016
-0.001529 -0.999998 0.00142
0 0 0 0
0.757583 0.004991
0 0 0 0
1 0 0 0
0.004908 0.218425 -0.174121
-0.999994 0.001925 0.002761
0 0 0 0
0.922072 0.039833
0 0 0 0
1 0 0 0
0.009237 0.234441 -0.168219
-0.976418 0.010883 0.215613
0 0 0 0
0.912679 0.058464
0 0 0 0
1 0 0 0
-0.005193 0.230437 -0.180023
-0.818558 0.0698 0.570167
0 0 0 0
0.948804 0.058464
0 0 0 0
1 0 0 0
0.004908 0.216423 -0.181498
-0.99953 -0.001235 0.030625
0 0 0 0
0.933391 0.036688
0 0 0 0
1 0 0 0
0.004908 0.218425 -0.174121
-0.99959 0.008838 0.027234
0 0 0 0
0.933391 0.028219
0 0 0 0
1 0 0 0
-0.000864 0.208415 -0.188876
-0.999997 -0.00252 0.000604
0 0 0 0
0.975296 0.025074
0 0 0 0
1 0 0 0
0.004908 0.216423 -0.181498
0.999863 -0.0163 -0.003002
0 0 0 0
0.838985 0.332845
0 0 0 0
1 0 0 0
0.012123 0.198405 -0.165268
0.911883 0.056875 -0.406491
0 0 0 0
0.816828 0.364784
0 0 0 0
1 0 0 0
0.004908 0.218425 -0.174121
0.999208 -0.037421 -0.013558
0 0 0 0
0.826702 0.330426
0 0 0 0
1 0 0 0
0.004908 0.218425 -0.174121
0.99978 0.020971 0.000279
0 0 0 0
0.826702 0.330426
0 0 0 0
1 0 0 0
0.012123 0.198405 -0.165268
0.958707 -0.102541 -0.265265
0 0 0 0
0.816828 0.364784
0 0 0 0
1 0 0 0
0.004908 0.216423 -0.181498
0.999863 -0.0163 -0.003002
0 0 0 0
0.838985 0.332845
0 0 0 0
1 0 0 0
0.012123 0.198405 -0.165268
-0.91828 0.035434 0.394343
0 0 0 0
0.912679 0.006443
0 0 0 0
1 0 0 0
0.009237 0.234441 -0.168219
-0.904151 0.037561 0.425559
0 0 0 0
0.912679 0.058464
0 0 0 0
1 0 0 0
-0.000864 0.208415 -0.188876
-0.999994 -0.003361 0.00014
0 0 0 0
0.975296 0.025074
0 0 0 0
1 0 0 0
-0.000864 0.208415 -0.188876
-0.000626 -0.091136 -0.995838
0 0 0 0
0.856084 0.337442
0 0 0 0
1 0 0 0
-0.005193 0.230437 -0.180023
-0.000188 0.001253 -0.999999
0 0 0 0
0.856084 0.310343
0 0 0 0
1 0 0 0
0.012123 0.198405 -0.165268
0.959232 -0.101997 -0.263574
0 0 0 0
0.816828 0.364784
0 0 0 0
1 0 0 0
0.009237 0.234441 -0.168219
0.965605 0.049628 -0.255233
0 0 0 0
0.816828 0.309133
0 0 0 0
1 0 0 0
0.009237 0.234441 -0.168219
-0.904976 0.040864 0.423495
0 0 0 0
0.912679 0.058464
0 0 0 0
1 0 0 0
0.004908 0.218425 -0.174121
-1 0.000667 0.000135
0 0 0 0
0.922072 0.039833
0 0 0 0
1 0 0 0
-0.000864 0.208415 -0.188876
-1 0.000667 0.000135
0 0 0 0
0.975296 0.025074
0 0 0 0
1 0 0 0
0.004908 0.216423 -0.181498
0.999745 -0.022171 -0.004257
0 0 0 0
0.838985 0.332845
0 0 0 0
1 0 0 0
0.012123 0.198405 -0.165268
0.958641 -0.103365 -0.265184
0 0 0 0
0.816828 0.364784
0 0 0 0
1 0 0 0
0.009237 0.234441 -0.168219
0.965655 0.050796 -0.254814
0 0 0 0
0.816828 0.309133
0 0 0 0
1 0 0 0
0.004908 0.216423 -0.181498
0.999745 -0.022171 -0.004257
0 0 0 0
0.838985 0.332845
0 0 0 0
1 0 0 0
0.009237 0.234441 -0.168219
0.965655 0.050796 -0.254814
0 0 0 0
0.816828 0.309133
0 0 0 0
1 0 0 0
0.012123 0.198405 -0.165268
0.910748 0.052616 -0.409598
0 0 0 0
0.816828 0.364784
0 0 0 0
1 0 0 0
-0.005193 0.230437 -0.180023
0.928819 0.029209 0.369382
0 0 0 0
0.856084 0.310343
0 0 0 0
1 0 0 0
-0.000864 0.208415 -0.188876
-0.962659 0.041696 -0.267486
0 0 0 0
0.856084 0.337442
0 0 0 0
1 0 0 0
-0.013851 0.198405 -0.163793
-0.962659 0.041696 -0.267486
0 0 0 0
0.900638 0.364784
0 0 0 0
1 0 0 0
-0.013851 0.198405 -0.163793
0.929882 0.031153 0.366536
0 0 0 0
0.991191 0.006201
0 0 0 0
1 0 0 0
-0.000864 0.208415 -0.188876
0.999992 -0.003989 0.000086
0 0 0 0
0.975296 0.025074
0 0 0 0
1 0 0 0
-0.005193 0.230437 -0.180023
0.928359 0.029364 0.370524
0 0 0 0
0.984929 0.058222
0 0 0 0
1 0 0 0
0.002022 0.210417 0.178516
0.143358 -0.989235 0.029368
0 0 0 0
0.954103 0.874349
1 0 0 0
1 0 0 0
-0.010965 0.220427 0.174090
0.148929 -0.13136 -0.980084
0 0 0 0
0.963977 0.849669
1 0 0 0
1 0 0 0
0.020780 0.230437 0.178516
0.999186 0.033903 -0.021845
0 0 0 0
0.954103 0.910884
1 0 0 0
1 0 0 0
0.012123 0.276484 0.175565
-0.755987 -0.034397 -0.653683
0 0 0 0
0.963977 0.979117
1 0 0 0
1 0 0 0
0.016452 0.230437 0.181467
0.044702 0.010981 0.99894
0 0 0 0
0.978427 0.9104
1 0 0 0
1 0 0 0
-0.015294 0.240448 0.181467
-0.201144 0.079491 0.976331
0 0 0 0
0.954103 0.836603
1 0 0 0
1 0 0 0
-0.010965 0.220427 0.174090
-0.053904 -0.08455 -0.99496
0 0 0 0
0.963977 0.849669
1 0 0 0
1 0 0 0
0.002022 0.210417 0.178516
0.148327 -0.988511 0.029068
0 0 0 0
0.954103 0.874349
1 0 0 0
1 0 0 0
0.000579 0.276484 0.178516
-0.944331 0.293857 -0.147941
0 0 0 0
0.954103 0.719737
1 0 0 0
1 0 0 0
-0.012408 0.232439 0.178516
0.897657 -0.417811 0.140161
0 0 0 0
0.971202 0.820876
1 0 0 0
1 0 0 0
0.006351 0.274482 0.175565
0.237038 0.004564 -0.97149
0 0 0 0
0.963977 0.719011
1 0 0 0
1 0 0 0
0.006351 0.296504 0.179992
-0.980474 0.123116 -0.153341
0 0 0 0
0.954103 0.681508
1 0 0 0
1 0 0 0
0.013566 0.320529 0.184418
0.988415 -0.008656 0.151528
0 0 0 0
0.971202 0.637955
1 0 0 0
1 0 0 0
0.009237 0.294502 0.184418
-0.096966 -0.092723 0.990959
0 0 0 0
0.978427 0.681024
1 0 0 0
1 0 0 0
-0.015294 0.240448 0.181467
-0.203391 0.078212 0.975969
0 0 0 0
0.978427 0.804906
1 0 0 0
1 0 0 0
0.000579 0.276484 0.178516
-0.944905 0.292285 -0.147389
0 0 0 0
0.989023 0.719737
1 0 0 0
1 0 0 0
0.006351 0.296504 0.179992
-0.979625 0.126587 -0.155922
0 0 0 0
0.989023 0.681266
1 0 0 0
1 0 0 0
0.009237 0.320529 0.187369
-0.114381 -0.110027 0.987325
0 0 0 0
0.978427 0.638439
1 0 0 0
1 0 0 0
0.012123 0.360569 0.185893
0.989446 0.051136 0.135582
0 0 0 0
0.971202 0.55206
1 0 0 0
1 0 0 0
0.009237 0.360569 0.181467
0.15008 0.048757 -0.987471
0 0 0 0
0.963977 0.55085
1 0 0 0
1 0 0 0
0.004908 0.360569 0.185893
-0.988346 0.02899 0.149435
0 0 0 0
0.954103 0.551334
1 0 0 0
1 0 0 0
0.004908 0.360569 0.185893
-0.988444 0.029963 0.148598
0 0 0 0
0.989023 0.551334
1 0 0 0
1 0 0 0
0.007794 0.380590 0.178516
0.161537 -0.290669 -0.943089
0 0 0 0
0.963977 0.518911
1 0 0 0
1 0 0 0
0.010680 0.406616 0.172614
0.948299 0.122633 0.292731
0 0 0 0
0.971202 0.466406
1 0 0 0
1 0 0 0
0.003465 0.404614 0.171139
-0.996069 -0.048033 -0.074433
0 0 0 0
0.954103 0.466406
1 0 0 0
1 0 0 0
0.007794 0.426637 0.153433
0.993601 0.069711 0.088866
0 0 0 0
0.963977 0.412933
1 0 0 0
1 0 0 0
0.003465 0.404614 0.171139
-0.995864 -0.053394 -0.073516
0 0 0 0
0.989023 0.466164
1 0 0 0
1 0 0 0
0.007794 0.430641 0.160810
-0.151874 0.617938 0.771419
0 0 0 0
0.978427 0.413901
1 0 0 0
1 0 0 0
0.003465 0.448659 0.135727
-0.996504 -0.021858 -0.080632
0 0 0 0
0.954103 0.365993
1 0 0 0
1 0 0 0
0.007794 0.462673 0.115071
0.143936 -0.807085 -0.572623
0 0 0 0
0.963977 0.321473
1 0 0 0
1 0 0 0
0.013566 0.484695 0.088512
0.980733 0.13534 0.140876
0 0 0 0
0.971202 0.262677
1 0 0 0
1 0 0 0
0.003465 0.448659 0.135727
-0.996325 -0.018661 -0.083592
0 0 0 0
0.989023 0.365993
1 0 0 0
1 0 0 0
0.013566 0.484695 0.088512
-0.099602 0.836247 0.539231
0 0 0 0
0.971202 0.262677
1 0 0 0
1 0 0 0
0.006351 0.484695 0.088512
-0.148335 0.916009 0.372726
0 0 0 0
0.954103 0.263161
1 0 0 0
1 0 0 0
0.010680 0.480691 0.085561
0.138211 -0.896098 -0.421789
0 0 0 0
0.963977 0.262919
1 0 0 0
1 0 0 0
0.006351 0.484695 0.088512
-0.14609 0.916556 0.372267
0 0 0 0
0.989023 0.263161
1 0 0 0
1 0 0 0
0.016452 0.496708 0.056052
0.984049 0.153926 0.089187
0 0 0 0
0.971202 0.206301
1 0 0 0
1 0 0 0
0.009237 0.494706 0.054577
-0.995958 -0.043953 -0.078338
0 0 0 0
0.954103 0.205575
1 0 0 0
1 0 0 0
0.013566 0.498710 0.017690
0.640972 -0.758471 -0.117797
0 0 0 0
0.963977 0.147747
1 0 0 0
1 0 0 0
0.016452 0.502714 0.019165
0.994245 0.09463 0.050216
0 0 0 0
0.971202 0.148473
1 0 0 0
1 0 0 0
0.016452 0.502714 0.019165
-0.117167 0.975979 0.183674
0 0 0 0
0.971202 0.148473
1 0 0 0
1 0 0 0
0.009237 0.494706 0.054577
-0.996079 -0.043615 -0.076965
0 0 0 0
0.989023 0.205575
1 0 0 0
1 0 0 0
0.013566 0.506718 -0.000016
-0.083311 0.996524 0.000229
0 0 0 0
0.978427 0.096451
1 0 0 0
1 0 0 0
0.013566 0.498710 0.017690
0.019146 -0.987608 -0.155769
0 0 0 0
0.989023 0.096935
1 0 0 0
1 0 0 0
0.020780 0.230437 0.178516
0.999221 0.034885 -0.01847
0 0 0 0
0.989023 0.910884
1 0 0 0
1 0 0 0
0.012123 0.276484 0.175565
0.995375 0.095065 -0.013869
0 0 0 0
0.989023 0.978391
1 0 0 0
1 0 0 0
0.016452 0.230437 0.181467
0.04441 0.010443 0.998959
0 0 0 0
0.978427 0.9104
1 0 0 0
1 0 0 0
0.002022 0.210417 0.178516
0.144356 -0.989152 0.027209
0 0 0 0
0.989023 0.874833
1 0 0 0
1 0 0 0
-0.012408 0.232439 0.178516
0.027787 -0.139305 0.98986
0 0 0 0
0.971202 0.820876
1 0 0 0
1 0 0 0
-0.010965 0.220427 0.174090
-0.053469 -0.085641 -0.99489
0 0 0 0
0.963977 0.849669
1 0 0 0
1 0 0 0
-0.015294 0.240448 0.181467
-0.203821 0.078018 0.975895
0 0 0 0
0.978427 0.804906
1 0 0 0
1 0 0 0
0.017895 0.504716 -0.000016
0.979532 0.201283 0.001663
0 0 0 0
0.971202 0.096693
1 0 0 0
1 0 0 0
0.013566 0.506718 -0.000016
-0.084234 0.996445 0.001134
0 0 0 0
0.978427 0.096451
1 0 0 0
1 0 0 0
0.016452 0.502714 0.019165
0.993793 0.098088 0.052478
0 0 0 0
0.971202 0.148473
1 0 0 0
1 0 0 0
0.013566 0.498710 0.017690
0.01461 -0.987704 -0.155649
0 0 0 0
0.963977 0.147747
1 0 0 0
1 0 0 0
0.010680 0.500712 -0.019197
-0.962054 -0.269995 0.039428
0 0 0 0
0.954103 0.147989
1 0 0 0
1 0 0 0
-0.000864 0.274482 -0.178547
-0.944106 0.295279 0.146545
0 0 0 0
0.989023 0.719737
1 0 0 0
1 0 0 0
0.013566 0.224431 -0.180023
0.125563 -0.07852 -0.988974
0 0 0 0
0.978427 0.9104
1 0 0 0
1 0 0 0
-0.016737 0.222429 -0.174121
-0.101366 -0.20617 0.973252
0 0 0 0
0.989023 0.874833
1 0 0 0
1 0 0 0
-0.012408 0.232439 -0.177072
0.895675 -0.42619 -0.126996
0 0 0 0
0.971202 0.820876
1 0 0 0
1 0 0 0
-0.016737 0.222429 -0.174121
-0.099869 -0.207382 0.973149
0 0 0 0
0.963977 0.835151
1 0 0 0
1 0 0 0
0.009237 0.294502 -0.182974
-0.125036 -0.038899 -0.99139
0 0 0 0
0.978427 0.681024
1 0 0 0
1 0 0 0
0.006351 0.276484 -0.174121
0.238912 0.007907 0.971009
0 0 0 0
0.963977 0.719011
1 0 0 0
1 0 0 0
0.006351 0.296504 -0.180023
-0.979932 0.124707 0.155507
0 0 0 0
0.989023 0.681266
1 0 0 0
1 0 0 0
-0.000864 0.274482 -0.178547
-0.945555 0.289849 0.14803
0 0 0 0
0.954103 0.719737
1 0 0 0
1 0 0 0
0.013566 0.320529 -0.182974
0.989033 -0.006295 -0.147562
0 0 0 0
0.971202 0.637955
1 0 0 0
1 0 0 0
0.009237 0.320529 -0.185925
-0.115229 -0.109255 -0.987312
0 0 0 0
0.978427 0.638439
1 0 0 0
1 0 0 0
0.006351 0.296504 -0.180023
-0.979516 0.124613 0.158178
0 0 0 0
0.954103 0.681508
1 0 0 0
1 0 0 0
0.004908 0.360569 -0.184449
-0.988142 0.031299 -0.150319
0 0 0 0
0.989023 0.551334
1 0 0 0
1 0 0 0
0.007794 0.362571 -0.188876
-0.014274 0.140856 -0.989927
0 0 0 0
0.978427 0.552786
1 0 0 0
1 0 0 0
0.009237 0.380590 -0.177072
0.159864 -0.289202 0.943825
0 0 0 0
0.963977 0.518911
1 0 0 0
1 0 0 0
0.004908 0.360569 -0.184449
-0.988434 0.027884 -0.149064
0 0 0 0
0.954103 0.551334
1 0 0 0
1 0 0 0
0.003465 0.404614 -0.171170
-0.154688 0.446475 -0.881324
0 0 0 0
0.989023 0.466164
1 0 0 0
1 0 0 0
0.010680 0.406616 -0.171170
0.983779 0.098497 -0.149921
0 0 0 0
0.971202 0.466406
1 0 0 0
1 0 0 0
0.003465 0.404614 -0.171170
-0.157869 0.445152 -0.881429
0 0 0 0
0.954103 0.466406
1 0 0 0
1 0 0 0
0.007794 0.426637 -0.153465
0.16067 -0.629268 0.760399
0 0 0 0
0.963977 0.412933
1 0 0 0
1 0 0 0
0.010680 0.428639 -0.156415
0.980008 0.141516 -0.139848
0 0 0 0
0.971202 0.413417
1 0 0 0
1 0 0 0
0.003465 0.428639 -0.154940
-0.996301 -0.0538 0.067011
0 0 0 0
0.989023 0.413175
1 0 0 0
1 0 0 0
0.003465 0.428639 -0.154940
-0.99639 -0.052889 0.066408
0 0 0 0
0.954103 0.413417
1 0 0 0
1 0 0 0
0.003465 0.448659 -0.135759
-0.147695 0.771806 -0.618468
0 0 0 0
0.989023 0.365993
1 0 0 0
1 0 0 0
0.003465 0.448659 -0.135759
-0.151745 0.770446 -0.619183
0 0 0 0
0.954103 0.365993
1 0 0 0
1 0 0 0
0.007794 0.446657 -0.132808
0.138069 -0.728785 0.670678
0 0 0 0
0.963977 0.36551
1 0 0 0
1 0 0 0
0.010680 0.428639 -0.156415
0.989392 -0.092739 0.111819
0 0 0 0
0.971202 0.413417
1 0 0 0
1 0 0 0
0.007794 0.462673 -0.115102
0.139975 -0.807398 0.573162
0 0 0 0
0.963977 0.321473
1 0 0 0
1 0 0 0
0.010680 0.464675 -0.118053
0.981365 0.127743 -0.143543
0 0 0 0
0.971202 0.322199
1 0 0 0
1 0 0 0
0.006351 0.484695 -0.087068
-0.938897 0.302701 -0.163842
0 0 0 0
0.954103 0.263161
1 0 0 0
1 0 0 0
0.003465 0.448659 -0.135759
-0.152235 0.772254 -0.616805
0 0 0 0
0.989023 0.365993
1 0 0 0
1 0 0 0
0.013566 0.484695 -0.088544
-0.129083 0.890838 -0.435598
0 0 0 0
0.971202 0.262677
1 0 0 0
1 0 0 0
0.010680 0.500712 -0.019197
-0.960563 -0.274944 0.041533
0 0 0 0
0.954103 0.147989
1 0 0 0
1 0 0 0
0.006351 0.484695 -0.087068
-0.937438 0.304835 -0.168183
0 0 0 0
0.989023 0.263161
1 0 0 0
1 0 0 0
0.013566 0.504716 -0.020672
-0.111254 0.984862 -0.132929
0 0 0 0
0.978427 0.148715
1 0 0 0
1 0 0 0
0.017895 0.504716 -0.000016
0.979587 0.200988 0.003622
0 0 0 0
0.971202 0.096693
1 0 0 0
1 0 0 0
0.010680 0.500712 -0.019197
-0.961345 -0.272521 0.039352
0 0 0 0
0.989023 0.147989
1 0 0 0
1 0 0 0
0.013566 0.506718 -0.000016
-0.08038 0.996763 0.001488
0 0 0 0
0.978427 0.096451
1 0 0 0
1 0 0 0
0.010680 0.500712 -0.019197
-0.961345 -0.272521 0.039352
0 0 0 0
0.989023 0.147989
1 0 0 0
1 0 0 0
0.013566 0.498710 0.017690
0.019146 -0.987608 -0.155769
0 0 0 0
0.989023 0.096935
1 0 0 0
1 0 0 0
0.013566 0.504716 -0.020672
-0.111254 0.984862 -0.132929
0 0 0 0
0.978427 0.148715
1 0 0 0
1 0 0 0
0.017895 0.504716 -0.000016
0.979587 0.200988 0.003622
0 0 0 0
0.971202 0.096693
1 0 0 0
1 0 0 0
198
2 1 0
3 0 1
4 3 1
1 5 4
5 6 4
4 6 7
7 8 4
11 10 9
12 10 11
10 12 13
10 13 14
14 13 15
14 15 16
18 13 17
21 20 19
22 20 21
22 23 20
24 23 22
25 23 24
26 25 24
26 27 25
28 27 26
28 29 27
32 31 30
35 34 33
35 36 34
39 38 37
38 40 37
40 41 37
44 43 42
43 45 42
46 45 43
47 45 46
48 47 46
51 50 49
52 50 51
53 50 52
56 55 54
57 56 54
58 56 57
59 56 58
60 59 58
61 59 60
62 61 60
63 61 62
64 61 63
67 66 65
65 66 68
65 68 69
69 68 70
71 69 70
72 71 70
72 70 73
74 71 72
73 74 72
77 76 75
78 77 75
79 78 75
82 81 80
82 80 83
84 83 80
84 85 83
88 87 86
89 86 87
90 86 89
90 91 86
92 86 91
93 91 90
93 94 91
92 91 95
95 91 94
98 97 96
98 99 97
98 100 99
103 102 101
101 104 103
103 104 105
103 105 106
109 108 107
112 111 110
115 114 113
118 117 116
119 117 118
122 121 120
125 124 123
128 127 126
131 130 129
134 133 132
137 136 135
137 138 136
136 138 139
142 141 140
140 141 143
141 144 143
143 144 145
143 145 146
146 145 147
148 147 145
144 148 145
148 144 149
148 149 150
148 150 151
148 151 152
147 148 152
147 152 153
154 147 153
154 146 147
155 146 154
153 152 156
156 152 151
154 157 155
154 153 157
153 156 158
157 153 158
155 157 159
159 157 160
157 158 160
161 158 156
162 158 161
160 158 162
159 160 163
163 160 164
160 165 164
165 160 162
162 161 166
162 166 167
163 164 168
168 164 169
164 167 169
167 166 170
171 167 170
167 171 169
168 169 172
172 169 173
169 171 173
171 174 173
175 171 170
170 176 175
175 176 177
177 176 178
181 180 179
182 181 179
183 181 182
183 184 181
185 183 182
188 187 186
188 186 189
189 186 190
193 192 191
192 194 191
194 192 195
191 194 196
195 197 194
194 197 196
198 191 196
195 199 197
196 197 200
196 201 198
196 200 201
202 197 199
200 197 202
198 201 203
200 204 201
203 201 204
205 204 200
200 206 205
200 202 206
204 207 203
207 204 208
204 205 208
206 209 205
205 209 210
208 205 210
207 208 211
208 210 211
207 211 212
209 213 210
212 211 214
213 215 210
210 215 216
217 210 216
216 215 218
217 216 219
219 216 218
215 220 218
221 217 219
221 219 222
219 218 222
218 220 223
222 218 223
221 222 224
222 225 224
222 223 226
225 222 226
224 225 227
230 229 228
228 229 231
231 232 228
