0
2
submesh_0
1
1
tlou2_0
0
668
1.108762 0.915129 0.016343
0.411918 0.714089 0.56604
0 0 0 0
0.4923 0.096509
9 0 0 0
1 0 0 0
1.116950 0.906955 0.016343
0.712724 0.41517 0.565384
0 0 0 0
0.476839 0.081027
9 0 0 0
1 0 0 0
1.110011 0.917107 0.007929
0.481249 0.833914 0.27016
0 0 0 0
0.486019 0.107431
9 0 0 0
1 0 0 0
1.119032 0.908141 0.007929
0.834004 0.48011 0.271904
0 0 0 0
0.46621 0.086925
9 0 0 0
1 0 0 0
1.116950 0.906955 0.016343
0.71457 0.41406 0.563866
0 0 0 0
0.476839 0.081027
9 0 0 0
1 0 0 0
1.119865 0.895880 0.016343
0.82529 -0.002947 0.564701
0 0 0 0
0.471041 0.059757
9 0 0 0
1 0 0 0
1.119032 0.908141 0.007929
0.832067 0.483312 0.272165
0 0 0 0
0.46621 0.086925
9 0 0 0
1 0 0 0
1.122224 0.895880 0.007929
0.962584 0.000458 0.270985
0 0 0 0
0.459445 0.059757
9 0 0 0
1 0 0 0
1.116950 0.884673 0.016343
0.71457 -0.41406 0.563866
0 0 0 0
0.477322 0.038596
9 0 0 0
1 0 0 0
1.119032 0.883618 0.007929
0.832067 -0.483312 0.272165
0 0 0 0
0.466693 0.032698
9 0 0 0
1 0 0 0
1.119865 0.895880 0.016343
0.82529 0.002947 0.564701
0 0 0 0
0.471041 0.059757
9 0 0 0
1 0 0 0
1.122224 0.895880 0.007929
0.962584 0.000458 0.270985
0 0 0 0
0.459445 0.059757
9 0 0 0
1 0 0 0
1.108762 0.876631 0.016343
0.410878 -0.716183 0.564146
0 0 0 0
0.492783 0.022978
9 0 0 0
1 0 0 0
1.119032 0.883618 0.007929
0.833184 -0.481905 0.271242
0 0 0 0
0.466693 0.032698
9 0 0 0
1 0 0 0
1.116950 0.884673 0.016343
0.716399 -0.413935 0.561632
0 0 0 0
0.477322 0.038596
9 0 0 0
1 0 0 0
1.110011 0.874521 0.007929
0.481978 -0.83258 0.272962
0 0 0 0
0.486502 0.012493
9 0 0 0
1 0 0 0
1.097659 0.871225 0.007929
-0.00192 -0.962607 0.270896
0 0 0 0
0.514043 0.004766
9 0 0 0
1 0 0 0
1.108762 0.876631 0.016343
0.410388 -0.71684 0.563668
0 0 0 0
0.492783 0.022978
9 0 0 0
1 0 0 0
1.097659 0.873598 0.016343
-0.0001 -0.827268 0.561808
0 0 0 0
0.514043 0.017571
9 0 0 0
1 0 0 0
1.110011 0.874521 0.007929
0.479723 -0.834891 0.269857
0 0 0 0
0.486502 0.012493
9 0 0 0
1 0 0 0
1.097659 0.871225 0.007929
0.00073 -0.962188 0.272385
0 0 0 0
0.514043 0.004766
9 0 0 0
1 0 0 0
1.097659 0.873598 0.016343
0.000415 -0.827377 0.561648
0 0 0 0
0.514043 0.017571
9 0 0 0
1 0 0 0
1.086556 0.876631 0.016343
-0.411263 -0.715167 0.565155
0 0 0 0
0.535302 0.023196
9 0 0 0
1 0 0 0
1.085446 0.874521 0.007929
-0.480055 -0.833269 0.274245
0 0 0 0
0.541583 0.012793
9 0 0 0
1 0 0 0
1.076424 0.883618 0.007929
-0.834165 -0.479818 0.271925
0 0 0 0
0.561393 0.033162
9 0 0 0
1 0 0 0
1.086556 0.876631 0.016343
-0.413553 -0.713798 0.565213
0 0 0 0
0.535302 0.023196
9 0 0 0
1 0 0 0
1.078367 0.884673 0.016343
-0.714859 -0.413326 0.564037
0 0 0 0
0.55028 0.038951
9 0 0 0
1 0 0 0
1.085446 0.874521 0.007929
-0.479303 -0.834659 0.271319
0 0 0 0
0.541583 0.012793
9 0 0 0
1 0 0 0
1.076424 0.883618 0.007929
-0.832067 -0.483312 0.272165
0 0 0 0
0.561393 0.033162
9 0 0 0
1 0 0 0
1.078367 0.884673 0.016343
-0.71457 -0.41406 0.563866
0 0 0 0
0.55028 0.038951
9 0 0 0
1 0 0 0
1.075453 0.895880 0.016343
-0.826521 0.001877 0.562903
0 0 0 0
0.556078 0.059757
9 0 0 0
1 0 0 0
1.073094 0.895880 0.007929
-0.962584 0.000458 0.270985
0 0 0 0
0.568157 0.059757
9 0 0 0
1 0 0 0
1.075453 0.895880 0.016343
-0.82529 -0.002947 0.564701
0 0 0 0
0.556078 0.059757
9 0 0 0
1 0 0 0
1.078367 0.906955 0.016343
-0.71457 0.41406 0.563866
0 0 0 0
0.55028 0.08141
9 0 0 0
1 0 0 0
1.076424 0.908141 0.007929
-0.832067 0.483312 0.272165
0 0 0 0
0.560909 0.087417
9 0 0 0
1 0 0 0
1.073094 0.895880 0.007929
-0.962584 0.000458 0.270985
0 0 0 0
0.568157 0.059757
9 0 0 0
1 0 0 0
1.078367 0.906955 0.016343
-0.71609 0.413133 0.562616
0 0 0 0
0.55028 0.08141
9 0 0 0
1 0 0 0
1.086556 0.915129 0.016343
-0.41267 0.715021 0.564312
0 0 0 0
0.534819 0.096727
9 0 0 0
1 0 0 0
1.085446 0.917107 0.007929
-0.478752 0.834752 0.272003
0 0 0 0
0.5411 0.107731
9 0 0 0
1 0 0 0
1.076424 0.908141 0.007929
-0.832834 0.48247 0.271311
0 0 0 0
0.560909 0.087417
9 0 0 0
1 0 0 0
1.085446 0.917107 0.007929
-0.481709 0.832695 0.273085
0 0 0 0
0.5411 0.107731
9 0 0 0
1 0 0 0
1.086556 0.915129 0.016343
-0.415641 0.714412 0.562901
0 0 0 0
0.534819 0.096727
9 0 0 0
1 0 0 0
1.097659 0.918030 0.016343
0.001713 0.827927 0.560834
0 0 0 0
0.513559 0.102625
9 0 0 0
1 0 0 0
1.097659 0.920403 0.007929
0.001337 0.962398 0.271642
0 0 0 0
0.513559 0.114448
9 0 0 0
1 0 0 0
1.097659 0.918030 0.016343
0.001575 0.826115 0.5635
0 0 0 0
0.513559 0.102625
9 0 0 0
1 0 0 0
1.108762 0.915129 0.016343
0.415348 0.713265 0.56457
0 0 0 0
0.4923 0.096509
9 0 0 0
1 0 0 0
1.110011 0.917107 0.007929
0.481868 0.833463 0.270451
0 0 0 0
0.486019 0.107431
9 0 0 0
1 0 0 0
1.097659 0.920403 0.007929
-0.0001 0.961979 0.273124
0 0 0 0
0.513559 0.114448
9 0 0 0
1 0 0 0
1.106403 0.900890 0.021578
0.15981 0.094724 0.982593
0 0 0 0
0.497615 0.069041
9 0 0 0
1 0 0 0
1.116950 0.906955 0.016343
0.714959 0.411723 0.565083
0 0 0 0
0.476839 0.081027
9 0 0 0
1 0 0 0
1.108762 0.915129 0.016343
0.409508 0.71658 0.564638
0 0 0 0
0.4923 0.096509
9 0 0 0
1 0 0 0
1.097659 0.905900 0.021578
0.001814 0.18492 0.982752
0 0 0 0
0.513559 0.078324
9 0 0 0
1 0 0 0
1.108762 0.915129 0.016343
0.413326 0.714859 0.564037
0 0 0 0
0.4923 0.096509
9 0 0 0
1 0 0 0
1.097659 0.918030 0.016343
-0.000204 0.825582 0.564282
0 0 0 0
0.513559 0.102625
9 0 0 0
1 0 0 0
1.106403 0.900890 0.021578
0.160836 0.092971 0.982593
0 0 0 0
0.497615 0.069041
9 0 0 0
1 0 0 0
1.119865 0.895880 0.016343
0.825533 -0.000282 0.564353
0 0 0 0
0.471041 0.059757
9 0 0 0
1 0 0 0
1.106403 0.900890 0.021578
0.160363 0.092816 0.982685
0 0 0 0
0.497615 0.069041
9 0 0 0
1 0 0 0
1.106403 0.890870 0.021578
0.160363 -0.092816 0.982685
0 0 0 0
0.498098 0.050665
9 0 0 0
1 0 0 0
1.116950 0.906955 0.016343
0.714032 0.413899 0.564665
0 0 0 0
0.476839 0.081027
9 0 0 0
1 0 0 0
1.108762 0.876631 0.016343
0.410193 -0.713815 0.567635
0 0 0 0
0.492783 0.022978
9 0 0 0
1 0 0 0
1.106403 0.890870 0.021578
0.160836 -0.092971 0.982593
0 0 0 0
0.498098 0.050665
9 0 0 0
1 0 0 0
1.097659 0.885860 0.021578
-0.000272 -0.186942 0.982371
0 0 0 0
0.514043 0.041572
9 0 0 0
1 0 0 0
1.116950 0.884673 0.016343
0.714959 -0.411723 0.565083
0 0 0 0
0.477322 0.038596
9 0 0 0
1 0 0 0
1.086556 0.876631 0.016343
-0.412648 -0.713332 0.566463
0 0 0 0
0.535302 0.023196
9 0 0 0
1 0 0 0
1.097659 0.885860 0.021578
0.00138 -0.188021 0.982164
0 0 0 0
0.514043 0.041572
9 0 0 0
1 0 0 0
1.089054 0.890870 0.021578
-0.16369 -0.091844 0.982227
0 0 0 0
0.529504 0.050828
9 0 0 0
1 0 0 0
1.097659 0.873598 0.016343
0.001022 -0.826407 0.563073
0 0 0 0
0.514043 0.017571
9 0 0 0
1 0 0 0
1.075453 0.895880 0.016343
-0.825638 0.00088 0.564199
0 0 0 0
0.556078 0.059757
9 0 0 0
1 0 0 0
1.089054 0.890870 0.021578
-0.16011 -0.091827 0.982819
0 0 0 0
0.529504 0.050828
9 0 0 0
1 0 0 0
1.089054 0.900890 0.021578
-0.160734 0.094313 0.982481
0 0 0 0
0.529504 0.069177
9 0 0 0
1 0 0 0
1.078367 0.884673 0.016343
-0.713736 -0.413067 0.565647
0 0 0 0
0.55028 0.038951
9 0 0 0
1 0 0 0
1.089054 0.900890 0.021578
-0.161329 0.092834 0.982525
0 0 0 0
0.529504 0.069177
9 0 0 0
1 0 0 0
1.086556 0.915129 0.016343
-0.413709 0.714345 0.564408
0 0 0 0
0.534819 0.096727
9 0 0 0
1 0 0 0
1.078367 0.906955 0.016343
-0.713437 0.413759 0.565519
0 0 0 0
0.55028 0.08141
9 0 0 0
1 0 0 0
1.097659 0.905900 0.021578
0.000639 0.187302 0.982302
0 0 0 0
0.513559 0.078324
9 0 0 0
1 0 0 0
1.097659 0.905900 0.021578
0.00212 0.184876 0.98276
0 0 0 0
0.513559 0.078324
9 0 0 0
1 0 0 0
1.097659 0.918030 0.016343
-0.000225 0.825482 0.564429
0 0 0 0
0.513559 0.102625
9 0 0 0
1 0 0 0
1.086556 0.915129 0.016343
-0.412763 0.714659 0.564704
0 0 0 0
0.534819 0.096727
9 0 0 0
1 0 0 0
1.089054 0.900890 0.021578
-0.16011 0.091827 0.982819
0 0 0 0
0.529504 0.069177
9 0 0 0
1 0 0 0
1.078367 0.906955 0.016343
-0.717733 0.412932 0.560666
0 0 0 0
0.55028 0.08141
9 0 0 0
1 0 0 0
1.075453 0.895880 0.016343
-0.824609 0.000747 0.565703
0 0 0 0
0.556078 0.059757
9 0 0 0
1 0 0 0
1.106403 0.890870 0.021578
0.159932 -0.095221 0.982525
0 0 0 0
0.498098 0.050665
9 0 0 0
1 0 0 0
1.116950 0.884673 0.016343
0.717452 -0.412085 0.561648
0 0 0 0
0.477322 0.038596
9 0 0 0
1 0 0 0
1.119865 0.895880 0.016343
0.822168 0.000312 0.569245
0 0 0 0
0.471041 0.059757
9 0 0 0
1 0 0 0
1.097659 0.885860 0.021578
-0.000272 -0.186942 0.982371
0 0 0 0
0.514043 0.041572
9 0 0 0
1 0 0 0
1.097659 0.873598 0.016343
-0.00055 -0.826305 0.563223
0 0 0 0
0.514043 0.017571
9 0 0 0
1 0 0 0
1.108762 0.876631 0.016343
0.411 -0.713846 0.567012
0 0 0 0
0.492783 0.022978
9 0 0 0
1 0 0 0
1.089054 0.890870 0.021578
-0.160237 -0.09232 0.982752
0 0 0 0
0.529504 0.050828
9 0 0 0
1 0 0 0
1.078367 0.884673 0.016343
-0.715654 -0.413289 0.563056
0 0 0 0
0.55028 0.038951
9 0 0 0
1 0 0 0
1.086556 0.876631 0.016343
-0.411331 -0.715143 0.565136
0 0 0 0
0.535302 0.023196
9 0 0 0
1 0 0 0
1.089054 0.890870 0.021578
-0.159853 -0.093241 0.982728
0 0 0 0
0.529504 0.050828
9 0 0 0
1 0 0 0
1.097659 0.905900 0.021578
-0.000639 0.187302 0.982302
0 0 0 0
0.513559 0.078324
9 0 0 0
1 0 0 0
1.089054 0.900890 0.021578
-0.160836 0.092971 0.982593
0 0 0 0
0.529504 0.069177
9 0 0 0
1 0 0 0
1.097659 0.885860 0.021578
0.000639 -0.187302 0.982302
0 0 0 0
0.514043 0.041572
9 0 0 0
1 0 0 0
1.106403 0.900890 0.021578
0.159853 0.093241 0.982728
0 0 0 0
0.497615 0.069041
9 0 0 0
1 0 0 0
1.106403 0.890870 0.021578
0.161329 -0.092834 0.982525
0 0 0 0
0.498098 0.050665
9 0 0 0
1 0 0 0
1.085446 0.917107 -0.060318
-0.481136 0.834061 -0.26991
0 0 0 0
0.486019 0.107431
9 0 0 0
1 0 0 0
1.086556 0.915129 -0.068732
-0.412865 0.714105 -0.565329
0 0 0 0
0.4923 0.096509
9 0 0 0
1 0 0 0
1.078367 0.906955 -0.068732
-0.717012 0.415133 -0.559963
0 0 0 0
0.476839 0.081027
9 0 0 0
1 0 0 0
1.076424 0.908141 -0.060318
-0.833625 0.481577 -0.27047
0 0 0 0
0.46621 0.086925
9 0 0 0
1 0 0 0
1.076424 0.908141 -0.060318
-0.834158 0.479866 -0.271863
0 0 0 0
0.46621 0.086925
9 0 0 0
1 0 0 0
1.078367 0.906955 -0.068732
-0.716226 0.412742 -0.56273
0 0 0 0
0.476839 0.081027
9 0 0 0
1 0 0 0
1.075453 0.895880 -0.068732
-0.824942 0.000735 -0.565217
0 0 0 0
0.471041 0.059757
9 0 0 0
1 0 0 0
1.073094 0.895880 -0.060318
-0.962584 0.000605 -0.270984
0 0 0 0
0.459445 0.059757
9 0 0 0
1 0 0 0
1.075453 0.895880 -0.068732
-0.824942 -0.000735 -0.565217
0 0 0 0
0.471041 0.059757
9 0 0 0
1 0 0 0
1.078367 0.884673 -0.068732
-0.716491 -0.416239 -0.55981
0 0 0 0
0.477322 0.038596
9 0 0 0
1 0 0 0
1.076424 0.883618 -0.060318
-0.834158 -0.479866 -0.271863
0 0 0 0
0.466693 0.032698
9 0 0 0
1 0 0 0
1.073094 0.895880 -0.060318
-0.962584 0.000605 -0.270984
0 0 0 0
0.459445 0.059757
9 0 0 0
1 0 0 0
1.076424 0.883618 -0.060318
-0.833387 -0.480952 -0.272309
0 0 0 0
0.466693 0.032698
9 0 0 0
1 0 0 0
1.078367 0.884673 -0.068732
-0.715607 -0.415332 -0.56161
0 0 0 0
0.477322 0.038596
9 0 0 0
1 0 0 0
1.086556 0.876631 -0.068732
-0.413879 -0.716452 -0.561606
0 0 0 0
0.492783 0.022978
9 0 0 0
1 0 0 0
1.085446 0.874521 -0.060318
-0.481136 -0.834061 -0.26991
0 0 0 0
0.486502 0.012493
9 0 0 0
1 0 0 0
1.086556 0.876631 -0.068732
-0.412443 -0.716633 -0.56243
0 0 0 0
0.492783 0.022978
9 0 0 0
1 0 0 0
1.097659 0.873598 -0.068732
-0.001207 -0.829083 -0.559124
0 0 0 0
0.514043 0.017571
9 0 0 0
1 0 0 0
1.097659 0.871225 -0.060318
-0.001692 -0.963692 -0.26701
0 0 0 0
0.514043 0.004766
9 0 0 0
1 0 0 0
1.085446 0.874521 -0.060318
-0.481476 -0.832826 -0.273097
0 0 0 0
0.486502 0.012493
9 0 0 0
1 0 0 0
1.097659 0.871225 -0.060318
0.000101 -0.962637 -0.270797
0 0 0 0
0.514043 0.004766
9 0 0 0
1 0 0 0
1.097659 0.873598 -0.068732
0.002824 -0.826683 -0.562661
0 0 0 0
0.514043 0.017571
9 0 0 0
1 0 0 0
1.108762 0.876631 -0.068732
0.414388 -0.713306 -0.565223
0 0 0 0
0.535302 0.023196
9 0 0 0
1 0 0 0
1.110011 0.874521 -0.060318
0.481149 -0.833511 -0.27158
0 0 0 0
0.541583 0.012793
9 0 0 0
1 0 0 0
1.108762 0.876631 -0.068732
0.409779 -0.717684 -0.563037
0 0 0 0
0.535302 0.023196
9 0 0 0
1 0 0 0
1.116950 0.884673 -0.068732
0.717962 -0.413026 -0.560304
0 0 0 0
0.55028 0.038951
9 0 0 0
1 0 0 0
1.119032 0.883618 -0.060318
0.832817 -0.482242 -0.271769
0 0 0 0
0.561393 0.033162
9 0 0 0
1 0 0 0
1.110011 0.874521 -0.060318
0.4795 -0.835001 -0.269912
0 0 0 0
0.541583 0.012793
9 0 0 0
1 0 0 0
1.116950 0.884673 -0.068732
0.716491 -0.416239 -0.55981
0 0 0 0
0.55028 0.038951
9 0 0 0
1 0 0 0
1.119865 0.895880 -0.068732
0.824942 -0.000735 -0.565217
0 0 0 0
0.556078 0.059757
9 0 0 0
1 0 0 0
1.119032 0.883618 -0.060318
0.831511 -0.484951 -0.270946
0 0 0 0
0.561393 0.033162
9 0 0 0
1 0 0 0
1.122224 0.895880 -0.060318
0.962584 0.000605 -0.270984
0 0 0 0
0.568157 0.059757
9 0 0 0
1 0 0 0
1.116950 0.906955 -0.068732
0.716226 0.412742 -0.56273
0 0 0 0
0.55028 0.08141
9 0 0 0
1 0 0 0
1.119032 0.908141 -0.060318
0.834158 0.479866 -0.271863
0 0 0 0
0.560909 0.087417
9 0 0 0
1 0 0 0
1.119865 0.895880 -0.068732
0.824942 0.000735 -0.565217
0 0 0 0
0.556078 0.059757
9 0 0 0
1 0 0 0
1.122224 0.895880 -0.060318
0.962584 0.000605 -0.270984
0 0 0 0
0.568157 0.059757
9 0 0 0
1 0 0 0
1.108762 0.915129 -0.068732
0.415165 0.715126 -0.562346
0 0 0 0
0.534819 0.096727
9 0 0 0
1 0 0 0
1.110011 0.917107 -0.060318
0.479987 0.834399 -0.270907
0 0 0 0
0.5411 0.107731
9 0 0 0
1 0 0 0
1.116950 0.906955 -0.068732
0.715034 0.415256 -0.562396
0 0 0 0
0.55028 0.08141
9 0 0 0
1 0 0 0
1.119032 0.908141 -0.060318
0.832819 0.481605 -0.27289
0 0 0 0
0.560909 0.087417
9 0 0 0
1 0 0 0
1.097659 0.918030 -0.068732
0.003731 0.827133 -0.561994
0 0 0 0
0.513559 0.102625
9 0 0 0
1 0 0 0
1.110011 0.917107 -0.060318
0.481797 0.833632 -0.270055
0 0 0 0
0.5411 0.107731
9 0 0 0
1 0 0 0
1.108762 0.915129 -0.068732
0.417011 0.712643 -0.564129
0 0 0 0
0.534819 0.096727
9 0 0 0
1 0 0 0
1.097659 0.920403 -0.060318
0.001601 0.962926 -0.269763
0 0 0 0
0.513559 0.114448
9 0 0 0
1 0 0 0
1.085446 0.917107 -0.060318
-0.47968 0.834331 -0.27166
0 0 0 0
0.486019 0.107431
9 0 0 0
1 0 0 0
1.097659 0.918030 -0.068732
0.000185 0.826478 -0.56297
0 0 0 0
0.513559 0.102625
9 0 0 0
1 0 0 0
1.086556 0.915129 -0.068732
-0.411284 0.716033 -0.564041
0 0 0 0
0.4923 0.096509
9 0 0 0
1 0 0 0
1.097659 0.920403 -0.060318
-0.001529 0.962472 -0.271377
0 0 0 0
0.513559 0.114448
9 0 0 0
1 0 0 0
1.089054 0.900890 -0.073968
-0.162431 0.093566 -0.982274
0 0 0 0
0.497615 0.069041
9 0 0 0
1 0 0 0
1.078367 0.906955 -0.068732
-0.715474 0.413635 -0.56303
0 0 0 0
0.476839 0.081027
9 0 0 0
1 0 0 0
1.086556 0.915129 -0.068732
-0.41239 0.715466 -0.563953
0 0 0 0
0.4923 0.096509
9 0 0 0
1 0 0 0
1.097659 0.905900 -0.073968
0.002004 0.186772 -0.982401
0 0 0 0
0.513559 0.078324
9 0 0 0
1 0 0 0
1.086556 0.915129 -0.068732
-0.413668 0.714104 -0.564743
0 0 0 0
0.4923 0.096509
9 0 0 0
1 0 0 0
1.097659 0.918030 -0.068732
0.002377 0.826922 -0.562312
0 0 0 0
0.513559 0.102625
9 0 0 0
1 0 0 0
1.089054 0.900890 -0.073968
-0.159484 0.096633 -0.98246
0 0 0 0
0.497615 0.069041
9 0 0 0
1 0 0 0
1.075453 0.895880 -0.068732
-0.824503 0.002219 -0.565853
0 0 0 0
0.471041 0.059757
9 0 0 0
1 0 0 0
1.089054 0.900890 -0.073968
-0.162296 0.094654 -0.982192
0 0 0 0
0.497615 0.069041
9 0 0 0
1 0 0 0
1.089054 0.890870 -0.073968
-0.161649 -0.094764 -0.982288
0 0 0 0
0.498098 0.050665
9 0 0 0
1 0 0 0
1.078367 0.906955 -0.068732
-0.71499 0.415736 -0.562098
0 0 0 0
0.476839 0.081027
9 0 0 0
1 0 0 0
1.086556 0.876631 -0.068732
-0.415114 -0.71378 -0.564091
0 0 0 0
0.492783 0.022978
9 0 0 0
1 0 0 0
1.089054 0.890870 -0.073968
-0.16351 -0.096272 -0.981833
0 0 0 0
0.498098 0.050665
9 0 0 0
1 0 0 0
1.097659 0.885860 -0.073968
-0.002516 -0.186947 -0.982367
0 0 0 0
0.514043 0.041572
9 0 0 0
1 0 0 0
1.078367 0.884673 -0.068732
-0.712312 -0.415802 -0.565439
0 0 0 0
0.477322 0.038596
9 0 0 0
1 0 0 0
1.108762 0.876631 -0.068732
0.412985 -0.71664 -0.562024
0 0 0 0
0.535302 0.023196
9 0 0 0
1 0 0 0
1.097659 0.885860 -0.073968
0.001751 -0.186953 -0.982368
0 0 0 0
0.514043 0.041572
9 0 0 0
1 0 0 0
1.106403 0.890870 -0.073968
0.159681 -0.096284 -0.982462
0 0 0 0
0.529504 0.050828
9 0 0 0
1 0 0 0
1.097659 0.873598 -0.068732
0.001724 -0.826017 -0.563643
0 0 0 0
0.514043 0.017571
9 0 0 0
1 0 0 0
1.119865 0.895880 -0.068732
0.825533 0.000266 -0.564354
0 0 0 0
0.556078 0.059757
9 0 0 0
1 0 0 0
1.106403 0.890870 -0.073968
0.162042 -0.094183 -0.982279
0 0 0 0
0.529504 0.050828
9 0 0 0
1 0 0 0
1.106403 0.900890 -0.073968
0.161052 0.095571 -0.982308
0 0 0 0
0.529504 0.069177
9 0 0 0
1 0 0 0
1.116950 0.884673 -0.068732
0.715271 -0.414638 -0.56255
0 0 0 0
0.55028 0.038951
9 0 0 0
1 0 0 0
1.106403 0.900890 -0.073968
0.163706 0.095914 -0.981836
0 0 0 0
0.529504 0.069177
9 0 0 0
1 0 0 0
1.108762 0.915129 -0.068732
0.415114 0.71378 -0.564091
0 0 0 0
0.534819 0.096727
9 0 0 0
1 0 0 0
1.116950 0.906955 -0.068732
0.715221 0.414837 -0.562468
0 0 0 0
0.55028 0.08141
9 0 0 0
1 0 0 0
1.097659 0.905900 -0.073968
0.002137 0.186951 -0.982367
0 0 0 0
0.513559 0.078324
9 0 0 0
1 0 0 0
1.097659 0.905900 -0.073968
-0.002004 0.186772 -0.982401
0 0 0 0
0.513559 0.078324
9 0 0 0
1 0 0 0
1.097659 0.918030 -0.068732
0.000293 0.827087 -0.562074
0 0 0 0
0.513559 0.102625
9 0 0 0
1 0 0 0
1.108762 0.915129 -0.068732
0.412924 0.715291 -0.563784
0 0 0 0
0.534819 0.096727
9 0 0 0
1 0 0 0
1.106403 0.900890 -0.073968
0.161846 0.094478 -0.982283
0 0 0 0
0.529504 0.069177
9 0 0 0
1 0 0 0
1.116950 0.906955 -0.068732
0.71499 0.415736 -0.562098
0 0 0 0
0.55028 0.08141
9 0 0 0
1 0 0 0
1.119865 0.895880 -0.068732
0.823579 0.003226 -0.567192
0 0 0 0
0.556078 0.059757
9 0 0 0
1 0 0 0
1.089054 0.890870 -0.073968
-0.163015 -0.093624 -0.982171
0 0 0 0
0.498098 0.050665
9 0 0 0
1 0 0 0
1.078367 0.884673 -0.068732
-0.716693 -0.410172 -0.564013
0 0 0 0
0.477322 0.038596
9 0 0 0
1 0 0 0
1.075453 0.895880 -0.068732
-0.823576 -0.001376 -0.567204
0 0 0 0
0.471041 0.059757
9 0 0 0
1 0 0 0
1.097659 0.885860 -0.073968
-0.002887 -0.186942 -0.982367
0 0 0 0
0.514043 0.041572
9 0 0 0
1 0 0 0
1.097659 0.873598 -0.068732
-0.000962 -0.826931 -0.562302
0 0 0 0
0.514043 0.017571
9 0 0 0
1 0 0 0
1.086556 0.876631 -0.068732
-0.411244 -0.715385 -0.564891
0 0 0 0
0.492783 0.022978
9 0 0 0
1 0 0 0
1.106403 0.890870 -0.073968
0.161846 -0.094478 -0.982283
0 0 0 0
0.529504 0.050828
9 0 0 0
1 0 0 0
1.116950 0.884673 -0.068732
0.716381 -0.415661 -0.560379
0 0 0 0
0.55028 0.038951
9 0 0 0
1 0 0 0
1.108762 0.876631 -0.068732
0.411805 -0.715223 -0.564689
0 0 0 0
0.535302 0.023196
9 0 0 0
1 0 0 0
1.097659 0.885860 -0.073968
0.002516 -0.186947 -0.982367
0 0 0 0
0.514043 0.041572
9 0 0 0
1 0 0 0
1.106403 0.900890 -0.073968
0.163706 0.095914 -0.981836
0 0 0 0
0.529504 0.069177
9 0 0 0
1 0 0 0
1.106403 0.890870 -0.073968
0.163114 -0.09696 -0.981831
0 0 0 0
0.529504 0.050828
9 0 0 0
1 0 0 0
1.097659 0.905900 -0.073968
0.000401 0.18689 -0.982381
0 0 0 0
0.513559 0.078324
9 0 0 0
1 0 0 0
1.089054 0.890870 -0.073968
-0.163706 -0.095914 -0.981836
0 0 0 0
0.498098 0.050665
9 0 0 0
1 0 0 0
1.089054 0.900890 -0.073968
-0.163647 0.092585 -0.982165
0 0 0 0
0.497615 0.069041
9 0 0 0
1 0 0 0
1.080172 1.056334 0.007742
-0.001955 -0.999996 0.001947
0 0 0 0
0.725668 0.006923
9 0 0 0
1 0 0 0
1.115146 1.056334 0.007742
0.001955 -0.999996 0.001947
0 0 0 0
0.725668 0.043675
9 0 0 0
1 0 0 0
1.083641 1.060421 0.013164
-0.001955 -0.999996 0.001947
0 0 0 0
0.730983 0.010527
9 0 0 0
1 0 0 0
1.111676 1.060421 0.013164
0.001955 -0.999996 0.001947
0 0 0 0
0.730983 0.04007
9 0 0 0
1 0 0 0
1.115146 1.056334 0.007742
0.999996 -0.001955 0.001947
0 0 0 0
0.725668 0.043675
9 0 0 0
1 0 0 0
1.115146 1.245794 0.007742
0.999996 0.001955 0.001947
0 0 0 0
0.969665 0.043675
9 0 0 0
1 0 0 0
1.111676 1.241839 0.013164
0.999996 0.001955 0.001947
0 0 0 0
0.96435 0.04007
9 0 0 0
1 0 0 0
1.111676 1.060421 0.013164
0.999996 -0.001955 0.001947
0 0 0 0
0.730983 0.04007
9 0 0 0
1 0 0 0
1.080172 1.245794 0.007742
-0.000003 1 -0.000003
0 0 0 0
0.969665 0.006923
9 0 0 0
1 0 0 0
1.083641 1.241839 0.013164
-0.000003 1 -0.000003
0 0 0 0
0.96435 0.010527
9 0 0 0
1 0 0 0
1.115146 1.245794 0.007742
-0.000003 1 -0.000003
0 0 0 0
0.969665 0.043675
9 0 0 0
1 0 0 0
1.111676 1.241839 0.013164
-0.000003 1 -0.000003
0 0 0 0
0.96435 0.04007
9 0 0 0
1 0 0 0
1.080172 1.056334 0.007742
-1 -0.000003 -0.000003
0 0 0 0
0.725668 0.006923
9 0 0 0
1 0 0 0
1.083641 1.241839 0.013164
-1 -0.000003 -0.000003
0 0 0 0
0.96435 0.010527
9 0 0 0
1 0 0 0
1.080172 1.245794 0.007742
-1 -0.000003 -0.000003
0 0 0 0
0.969665 0.006923
9 0 0 0
1 0 0 0
1.083641 1.060421 0.013164
-1 -0.000003 -0.000003
0 0 0 0
0.730983 0.010527
9 0 0 0
1 0 0 0
1.111676 1.060421 0.013164
0 0 1
0 0 0 0
0.730983 0.04007
9 0 0 0
1 0 0 0
1.111676 1.241839 0.013164
0 0 1
0 0 0 0
0.96435 0.04007
9 0 0 0
1 0 0 0
1.083641 1.241839 0.013164
0 0 1
0 0 0 0
0.96435 0.010527
9 0 0 0
1 0 0 0
1.083641 1.060421 0.013164
0 0 1
0 0 0 0
0.730983 0.010527
9 0 0 0
1 0 0 0
1.080172 1.056334 -0.060318
0.001955 -0.999996 0.001947
0 0 0 0
0.725668 0.043675
9 0 0 0
1 0 0 0
1.083641 1.060421 -0.065928
0.001955 -0.999996 0.001947
0 0 0 0
0.730983 0.04007
9 0 0 0
1 0 0 0
1.115146 1.056334 -0.060318
-0.001955 -0.999996 0.001947
0 0 0 0
0.725668 0.006923
9 0 0 0
1 0 0 0
1.111676 1.060421 -0.065928
-0.001955 -0.999996 0.001947
0 0 0 0
0.730983 0.010527
9 0 0 0
1 0 0 0
1.080172 1.056334 -0.060318
-1 0.000003 -0.000003
0 0 0 0
0.725668 0.043675
9 0 0 0
1 0 0 0
1.080172 1.245794 -0.060318
-1 -0.000003 -0.000003
0 0 0 0
0.969665 0.043675
9 0 0 0
1 0 0 0
1.083641 1.241839 -0.065928
-1 -0.000003 -0.000003
0 0 0 0
0.96435 0.04007
9 0 0 0
1 0 0 0
1.083641 1.060421 -0.065928
-1 0.000003 -0.000003
0 0 0 0
0.730983 0.04007
9 0 0 0
1 0 0 0
1.080172 1.245794 -0.060318
-0.000003 1 -0.000003
0 0 0 0
0.969665 0.043675
9 0 0 0
1 0 0 0
1.115146 1.245794 -0.060318
-0.000003 1 -0.000003
0 0 0 0
0.969665 0.006923
9 0 0 0
1 0 0 0
1.083641 1.241839 -0.065928
-0.000003 1 -0.000003
0 0 0 0
0.96435 0.04007
9 0 0 0
1 0 0 0
1.111676 1.241839 -0.065928
-0.000003 1 -0.000003
0 0 0 0
0.96435 0.010527
9 0 0 0
1 0 0 0
1.111676 1.060421 -0.065928
0.999996 0.001955 0.001947
0 0 0 0
0.730983 0.010527
9 0 0 0
1 0 0 0
1.115146 1.245794 -0.060318
0.999996 0.001955 0.001947
0 0 0 0
0.969665 0.006923
9 0 0 0
1 0 0 0
1.115146 1.056334 -0.060318
0.999996 0.001955 0.001947
0 0 0 0
0.725668 0.006923
9 0 0 0
1 0 0 0
1.111676 1.241839 -0.065928
0.999996 0.001955 0.001947
0 0 0 0
0.96435 0.010527
9 0 0 0
1 0 0 0
1.083641 1.060421 -0.065928
-0.000151 0.000151 -1
0 0 0 0
0.730983 0.04007
9 0 0 0
1 0 0 0
1.083641 1.241839 -0.065928
-0.000151 0.000151 -1
0 0 0 0
0.96435 0.04007
9 0 0 0
1 0 0 0
1.111676 1.060421 -0.065928
-0.000151 0.000151 -1
0 0 0 0
0.730983 0.010527
9 0 0 0
1 0 0 0
1.111676 1.241839 -0.065928
-0.000151 0.000151 -1
0 0 0 0
0.96435 0.010527
9 0 0 0
1 0 0 0
-0.009447 0.318799 0.003628
-0.800059 0.000098 -0.599921
0 0 0 0
1.263428 0.032589
9 0 0 0
1 0 0 0
-0.005700 0.318799 0.002319
-0.997809 0.003615 -0.066064
0 0 0 0
1.263428 0.036685
9 0 0 0
1 0 0 0
-0.005700 0.292166 0.002319
-0.990863 0.002443 -0.134852
0 0 0 0
1.289036 0.036685
9 0 0 0
1 0 0 0
-0.009447 0.292166 0.003628
-0.800059 -0.000098 -0.599921
0 0 0 0
1.289036 0.032589
9 0 0 0
1 0 0 0
-0.011807 0.318799 0.010359
-0.983401 0.00113 0.181441
0 0 0 0
1.263428 0.026746
9 0 0 0
1 0 0 0
-0.011807 0.292166 0.010359
-0.983401 0.00113 0.181441
0 0 0 0
1.289036 0.026746
9 0 0 0
1 0 0 0
-0.007088 0.292166 0.015969
-0.242647 -0.000116 0.970115
0 0 0 0
1.289036 0.019374
9 0 0 0
1 0 0 0
-0.007088 0.318799 0.015969
-0.242647 -0.000116 0.970115
0 0 0 0
1.263428 0.019374
9 0 0 0
1 0 0 0
-0.011807 0.318799 0.010359
-0.983401 0.00113 0.181441
0 0 0 0
1.263428 0.026746
9 0 0 0
1 0 0 0
-0.011807 0.292166 0.010359
-0.983401 0.00113 0.181441
0 0 0 0
1.289036 0.026746
9 0 0 0
1 0 0 0
-0.000842 0.292166 0.013164
0.922029 -0.002696 0.387111
0 0 0 0
1.289036 0.012001
9 0 0 0
1 0 0 0
-0.000842 0.318799 0.013164
0.922029 -0.002696 0.387111
0 0 0 0
1.263428 0.012001
9 0 0 0
1 0 0 0
-0.007088 0.318799 0.015969
-0.242647 -0.000116 0.970115
0 0 0 0
1.263428 0.019374
9 0 0 0
1 0 0 0
-0.007088 0.292166 0.015969
-0.242647 -0.000116 0.970115
0 0 0 0
1.289036 0.019374
9 0 0 0
1 0 0 0
-0.005700 0.318799 0.002319
-0.997809 0.003615 -0.066064
0 0 0 0
1.263428 0.036685
9 0 0 0
1 0 0 0
-0.005700 0.292166 -0.048726
-1 0.000003 -0.000003
0 0 0 0
1.288552 0.074092
9 0 0 0
1 0 0 0
-0.005700 0.292166 0.002319
-0.990863 0.002443 -0.134852
0 0 0 0
1.289036 0.036685
9 0 0 0
1 0 0 0
-0.005700 0.345959 0.002319
-0.999932 0.000011 -0.011707
0 0 0 0
1.237337 0.036685
9 0 0 0
1 0 0 0
-0.005700 0.292166 -0.048726
0.001955 -0.999996 0.001947
0 0 0 0
1.364409 0.07158
9 0 0 0
1 0 0 0
-0.001953 0.292166 -0.048726
0.001955 -0.999996 0.001947
0 0 0 0
1.364409 0.075758
9 0 0 0
1 0 0 0
-0.001953 0.292166 0.003628
-0.001955 -0.999991 -0.003906
0 0 0 0
1.402096 0.075758
9 0 0 0
1 0 0 0
-0.005700 0.292166 0.002319
-0.001955 -0.999991 -0.003906
0 0 0 0
1.401129 0.07158
9 0 0 0
1 0 0 0
-0.001953 0.292166 0.003628
0.993035 -0.002821 -0.117788
0 0 0 0
1.289036 0.002909
9 0 0 0
1 0 0 0
-0.001953 0.318799 0.003628
0.993035 -0.002821 -0.117788
0 0 0 0
1.263428 0.002882
9 0 0 0
1 0 0 0
-0.000842 0.292166 0.013164
0.922029 -0.002696 0.387111
0 0 0 0
1.289036 0.012001
9 0 0 0
1 0 0 0
-0.000842 0.318799 0.013164
0.922029 -0.002696 0.387111
0 0 0 0
1.263428 0.012001
9 0 0 0
1 0 0 0
-0.005700 0.318799 0.002319
-0.339507 0.000917 0.940603
0 0 0 0
1.422388 0.07472
9 0 0 0
1 0 0 0
-0.001953 0.318799 0.003628
-0.339507 0.000917 0.940603
0 0 0 0
1.426737 0.07472
9 0 0 0
1 0 0 0
-0.005700 0.345959 0.002319
-0.338875 0.000252 0.940831
0 0 0 0
1.422388 0.048071
9 0 0 0
1 0 0 0
-0.001953 0.345959 0.003628
-0.338875 -0.000252 0.940831
0 0 0 0
1.426737 0.048071
9 0 0 0
1 0 0 0
-0.011807 0.318799 0.010359
0.000051 1 -0.000097
0 0 0 0
1.438333 0.05973
9 0 0 0
1 0 0 0
-0.000842 0.318799 0.013164
-0.000373 1 0.000739
0 0 0 0
1.448479 0.052248
9 0 0 0
1 0 0 0
-0.009447 0.318799 0.003628
0.000641 0.999999 -0.001162
0 0 0 0
1.434951 0.054296
9 0 0 0
1 0 0 0
-0.007088 0.318799 0.015969
-0.000086 1 0.000185
0 0 0 0
1.446063 0.05973
9 0 0 0
1 0 0 0
-0.005700 0.345959 0.002319
-0.001148 -0.999997 0.002126
0 0 0 0
1.435917 0.073901
9 0 0 0
1 0 0 0
-0.001953 0.345959 0.003628
-0.001148 -0.999997 0.002126
0 0 0 0
1.439299 0.076467
9 0 0 0
1 0 0 0
-0.000842 0.345959 0.013164
-0.001148 -0.999997 0.002126
0 0 0 0
1.447996 0.071853
9 0 0 0
1 0 0 0
-0.009447 0.345959 0.003628
-0.001148 -0.999997 0.002126
0 0 0 0
1.434467 0.069778
9 0 0 0
1 0 0 0
-0.009447 0.345959 0.003628
-0.800059 -0.000098 -0.599921
0 0 0 0
1.237337 0.032562
9 0 0 0
1 0 0 0
-0.009447 0.373250 0.003628
-0.800059 0.000098 -0.599921
0 0 0 0
1.21173 0.032562
9 0 0 0
1 0 0 0
-0.005700 0.345959 0.002319
-0.999932 0.000011 -0.011707
0 0 0 0
1.237337 0.036685
9 0 0 0
1 0 0 0
-0.005700 0.373250 0.002319
-0.999932 0.000011 -0.011707
0 0 0 0
1.21173 0.036685
9 0 0 0
1 0 0 0
-0.005700 0.427043 -0.048726
-1 0.000003 -0.000003
0 0 0 0
1.160031 0.074092
9 0 0 0
1 0 0 0
-0.005700 0.292166 -0.048726
-1 0.000003 -0.000003
0 0 0 0
1.288552 0.074092
9 0 0 0
1 0 0 0
-0.011807 0.373250 0.010359
-0.983401 0.00113 0.181441
0 0 0 0
1.21173 0.026664
9 0 0 0
1 0 0 0
-0.009447 0.373250 0.003628
-0.800059 0.000098 -0.599921
0 0 0 0
1.21173 0.032562
9 0 0 0
1 0 0 0
-0.009447 0.345959 0.003628
-0.800059 0.000098 -0.599921
0 0 0 0
1.237337 0.032562
9 0 0 0
1 0 0 0
-0.011807 0.345959 0.010359
-0.983401 0.00113 0.181441
0 0 0 0
1.237337 0.026664
9 0 0 0
1 0 0 0
-0.007088 0.345959 0.015969
-0.242647 -0.000116 0.970115
0 0 0 0
1.237337 0.019237
9 0 0 0
1 0 0 0
-0.007088 0.373250 0.015969
-0.242647 -0.000116 0.970115
0 0 0 0
1.21173 0.019237
9 0 0 0
1 0 0 0
-0.011807 0.373250 0.010359
-0.983401 0.00113 0.181441
0 0 0 0
1.21173 0.026664
9 0 0 0
1 0 0 0
-0.011807 0.345959 0.010359
-0.983401 0.00113 0.181441
0 0 0 0
1.237337 0.026664
9 0 0 0
1 0 0 0
-0.000842 0.345959 0.013164
0.922029 -0.002696 0.387111
0 0 0 0
1.237337 0.01181
9 0 0 0
1 0 0 0
-0.000842 0.373250 0.013164
0.922029 -0.002696 0.387111
0 0 0 0
1.21173 0.01181
9 0 0 0
1 0 0 0
-0.007088 0.373250 0.015969
-0.242647 -0.000116 0.970115
0 0 0 0
1.21173 0.019237
9 0 0 0
1 0 0 0
-0.007088 0.345959 0.015969
-0.242647 -0.000116 0.970115
0 0 0 0
1.237337 0.019237
9 0 0 0
1 0 0 0
-0.001953 0.373250 0.003628
0.993035 -0.002821 -0.117788
0 0 0 0
1.21173 0.002636
9 0 0 0
1 0 0 0
-0.000842 0.373250 0.013164
0.922029 -0.002696 0.387111
0 0 0 0
1.21173 0.01181
9 0 0 0
1 0 0 0
-0.000842 0.345959 0.013164
0.922029 -0.002696 0.387111
0 0 0 0
1.237337 0.01181
9 0 0 0
1 0 0 0
-0.001953 0.345959 0.003628
0.993035 -0.002821 -0.117788
0 0 0 0
1.237337 0.002636
9 0 0 0
1 0 0 0
-0.005700 0.427043 -0.048726
-0.000151 0.000151 -1
0 0 0 0
1.160514 0.074829
9 0 0 0
1 0 0 0
-0.001953 0.427043 -0.048726
-0.000151 0.000151 -1
0 0 0 0
1.160514 0.078679
9 0 0 0
1 0 0 0
-0.001953 0.292166 -0.048726
-0.000151 0.000151 -1
0 0 0 0
1.287103 0.078679
9 0 0 0
1 0 0 0
-0.005700 0.292166 -0.048726
-0.000151 0.000151 -1
0 0 0 0
1.287103 0.074829
9 0 0 0
1 0 0 0
-0.011807 0.373250 0.010359
0.000051 1 -0.000097
0 0 0 0
1.438333 0.05973
9 0 0 0
1 0 0 0
-0.000842 0.373250 0.013164
-0.000373 1 0.000739
0 0 0 0
1.448479 0.052248
9 0 0 0
1 0 0 0
-0.009447 0.373250 0.003628
0.000641 0.999999 -0.001162
0 0 0 0
1.434951 0.054296
9 0 0 0
1 0 0 0
-0.007088 0.373250 0.015969
-0.000086 1 0.000185
0 0 0 0
1.446063 0.05973
9 0 0 0
1 0 0 0
-0.005700 0.400542 0.002319
-0.997809 0.003615 -0.066064
0 0 0 0
1.185156 0.036685
9 0 0 0
1 0 0 0
-0.005700 0.427043 -0.048726
-1 -0.000003 -0.000003
0 0 0 0
1.160031 0.074092
9 0 0 0
1 0 0 0
-0.005700 0.373250 0.002319
-0.999932 0.000011 -0.011707
0 0 0 0
1.21173 0.036685
9 0 0 0
1 0 0 0
-0.005700 0.427043 0.002319
-0.990863 0.002443 -0.134852
0 0 0 0
1.160031 0.036685
9 0 0 0
1 0 0 0
-0.009447 0.427043 0.003628
-0.800059 -0.000098 -0.599921
0 0 0 0
1.160031 0.032616
9 0 0 0
1 0 0 0
-0.005700 0.427043 0.002319
-0.990863 0.002443 -0.134852
0 0 0 0
1.160031 0.036685
9 0 0 0
1 0 0 0
-0.005700 0.400542 0.002319
-0.997809 0.003615 -0.066064
0 0 0 0
1.185156 0.036685
9 0 0 0
1 0 0 0
-0.009447 0.400542 0.003628
-0.800059 0.000098 -0.599921
0 0 0 0
1.185156 0.032616
9 0 0 0
1 0 0 0
-0.011807 0.427043 0.010359
-0.983401 0.00113 0.181441
0 0 0 0
1.160031 0.026773
9 0 0 0
1 0 0 0
-0.011807 0.400542 0.010359
-0.983401 0.00113 0.181441
0 0 0 0
1.185156 0.026773
9 0 0 0
1 0 0 0
-0.011807 0.400542 0.010359
-0.983401 0.00113 0.181441
0 0 0 0
1.185156 0.026773
9 0 0 0
1 0 0 0
-0.007088 0.400542 0.015969
-0.242647 -0.000116 0.970115
0 0 0 0
1.185156 0.019401
9 0 0 0
1 0 0 0
-0.011807 0.427043 0.010359
-0.983401 0.00113 0.181441
0 0 0 0
1.160031 0.026773
9 0 0 0
1 0 0 0
-0.007088 0.427043 0.015969
-0.242647 -0.000116 0.970115
0 0 0 0
1.160031 0.019401
9 0 0 0
1 0 0 0
-0.007088 0.400542 0.015969
-0.242647 -0.000116 0.970115
0 0 0 0
1.185156 0.019401
9 0 0 0
1 0 0 0
-0.000842 0.400542 0.013164
0.922029 -0.002696 0.387111
0 0 0 0
1.185156 0.012056
9 0 0 0
1 0 0 0
-0.007088 0.427043 0.015969
-0.242647 -0.000116 0.970115
0 0 0 0
1.160031 0.019401
9 0 0 0
1 0 0 0
-0.000842 0.427043 0.013164
0.922029 -0.002696 0.387111
0 0 0 0
1.160031 0.012056
9 0 0 0
1 0 0 0
-0.011807 0.427043 0.010359
0.000045 1 -0.000046
0 0 0 0
1.40741 0.059211
9 0 0 0
1 0 0 0
-0.000842 0.427043 0.013164
-0.001725 0.999997 0.001812
0 0 0 0
1.411276 0.047033
9 0 0 0
1 0 0 0
-0.009447 0.427043 0.003628
0.000011 1 -0.000011
0 0 0 0
1.401612 0.056644
9 0 0 0
1 0 0 0
-0.007088 0.427043 0.015969
0.000988 0.999999 0.000886
0 0 0 0
1.413692 0.054569
9 0 0 0
1 0 0 0
-0.005700 0.400542 0.002319
-0.001148 -0.999997 0.002126
0 0 0 0
1.435917 0.073901
9 0 0 0
1 0 0 0
-0.001953 0.400542 0.003628
-0.001148 -0.999997 0.002126
0 0 0 0
1.439299 0.076467
9 0 0 0
1 0 0 0
-0.000842 0.400542 0.013164
-0.001148 -0.999997 0.002126
0 0 0 0
1.447996 0.071853
9 0 0 0
1 0 0 0
-0.009447 0.400542 0.003628
-0.001148 -0.999997 0.002126
0 0 0 0
1.434467 0.069778
9 0 0 0
1 0 0 0
-0.001953 0.373250 0.003628
-0.339507 0.000917 0.940603
0 0 0 0
1.426737 0.07472
9 0 0 0
1 0 0 0
-0.001953 0.400542 0.003628
-0.338875 -0.000252 0.940831
0 0 0 0
1.426737 0.048071
9 0 0 0
1 0 0 0
-0.005700 0.400542 0.002319
-0.338875 0.000252 0.940831
0 0 0 0
1.422388 0.048071
9 0 0 0
1 0 0 0
-0.005700 0.373250 0.002319
-0.339507 0.000917 0.940603
0 0 0 0
1.422388 0.07472
9 0 0 0
1 0 0 0
-0.001953 0.400542 0.003628
0.993035 -0.002821 -0.117788
0 0 0 0
1.185156 0.002964
9 0 0 0
1 0 0 0
-0.001953 0.427043 0.003628
0.993035 -0.002821 -0.117788
0 0 0 0
1.160031 0.002964
9 0 0 0
1 0 0 0
-0.000842 0.400542 0.013164
0.922029 -0.002696 0.387111
0 0 0 0
1.185156 0.012056
9 0 0 0
1 0 0 0
-0.000842 0.427043 0.013164
0.922029 -0.002696 0.387111
0 0 0 0
1.160031 0.012056
9 0 0 0
1 0 0 0
-0.011807 0.292166 0.010359
0.001929 -0.999996 0.001888
0 0 0 0
1.407894 0.064863
9 0 0 0
1 0 0 0
-0.000842 0.292166 0.013164
0.001849 -0.999997 0.001779
0 0 0 0
1.411759 0.077041
9 0 0 0
1 0 0 0
-0.007088 0.292166 0.015969
-0.002794 -0.999991 0.003121
0 0 0 0
1.414175 0.069505
9 0 0 0
1 0 0 0
-0.009447 0.292166 0.003628
-0.001955 -0.999996 0.001947
0 0 0 0
1.402096 0.06743
9 0 0 0
1 0 0 0
-0.005700 0.292166 0.002319
0.001955 -0.999996 0.001947
0 0 0 0
1.401129 0.07158
9 0 0 0
1 0 0 0
-0.001953 0.292166 0.003628
0.001955 -0.999996 0.001947
0 0 0 0
1.402096 0.075758
9 0 0 0
1 0 0 0
-0.000842 0.318799 0.013164
0.000377 1 0.000205
0 0 0 0
1.448479 0.052248
9 0 0 0
1 0 0 0
-0.001953 0.318799 0.003628
0.000377 1 0.000205
0 0 0 0
1.439782 0.047579
9 0 0 0
1 0 0 0
-0.005700 0.318799 0.002319
0.000377 1 0.000205
0 0 0 0
1.4364 0.050173
9 0 0 0
1 0 0 0
-0.009447 0.318799 0.003628
0.000377 1 0.000205
0 0 0 0
1.434951 0.054296
9 0 0 0
1 0 0 0
-0.011807 0.345959 0.010359
-0.000619 -1 -0.000326
0 0 0 0
1.43785 0.064372
9 0 0 0
1 0 0 0
-0.009447 0.345959 0.003628
0.002321 -0.999997 0.001282
0 0 0 0
1.434467 0.069778
9 0 0 0
1 0 0 0
-0.000842 0.345959 0.013164
-0.000373 -1 0.000739
0 0 0 0
1.447996 0.071853
9 0 0 0
1 0 0 0
-0.007088 0.345959 0.015969
0.001998 -0.999998 0.000927
0 0 0 0
1.44558 0.064372
9 0 0 0
1 0 0 0
-0.000842 0.373250 0.013164
0.000377 1 0.000205
0 0 0 0
1.448479 0.052248
9 0 0 0
1 0 0 0
-0.001953 0.373250 0.003628
0.000377 1 0.000205
0 0 0 0
1.439782 0.047579
9 0 0 0
1 0 0 0
-0.005700 0.373250 0.002319
0.000377 1 0.000205
0 0 0 0
1.4364 0.050173
9 0 0 0
1 0 0 0
-0.009447 0.373250 0.003628
0.000377 1 0.000205
0 0 0 0
1.434951 0.054296
9 0 0 0
1 0 0 0
-0.011807 0.400542 0.010359
-0.000619 -1 -0.000326
0 0 0 0
1.43785 0.064372
9 0 0 0
1 0 0 0
-0.009447 0.400542 0.003628
0.002321 -0.999997 0.001282
0 0 0 0
1.434467 0.069778
9 0 0 0
1 0 0 0
-0.000842 0.400542 0.013164
-0.000373 -1 0.000739
0 0 0 0
1.447996 0.071853
9 0 0 0
1 0 0 0
-0.007088 0.400542 0.015969
0.001998 -0.999998 0.000927
0 0 0 0
1.44558 0.064372
9 0 0 0
1 0 0 0
-0.000842 0.427043 0.013164
0.000003 1 -0.000003
0 0 0 0
1.411276 0.047033
9 0 0 0
1 0 0 0
-0.001953 0.427043 0.003628
0.000003 1 -0.000003
0 0 0 0
1.401612 0.048316
9 0 0 0
1 0 0 0
-0.005700 0.427043 0.002319
0.000003 1 -0.000003
0 0 0 0
1.400163 0.052467
9 0 0 0
1 0 0 0
-0.009447 0.427043 0.003628
0.000003 1 -0.000003
0 0 0 0
1.401612 0.056644
9 0 0 0
1 0 0 0
-0.005700 0.427043 0.002319
0.000003 0.999983 0.005862
0 0 0 0
1.400163 0.052467
9 0 0 0
1 0 0 0
-0.001953 0.427043 0.003628
0.000003 0.999983 0.005862
0 0 0 0
1.401612 0.048316
9 0 0 0
1 0 0 0
-0.001953 0.427043 -0.048726
0.001954 0.999996 -0.00195
0 0 0 0
1.363926 0.048316
9 0 0 0
1 0 0 0
-0.005700 0.427043 -0.048726
0.001954 0.999996 -0.00195
0 0 0 0
1.363926 0.052467
9 0 0 0
1 0 0 0
-0.001953 0.292166 0.003628
0.999991 0.001955 -0.003906
0 0 0 0
1.305946 0.004711
9 0 0 0
1 0 0 0
-0.001953 0.292166 -0.048726
0.999996 -0.001954 -0.00195
0 0 0 0
1.305946 0.04291
9 0 0 0
1 0 0 0
-0.001953 0.318799 0.003628
0.999991 0.001955 -0.003906
0 0 0 0
1.332037 0.004711
9 0 0 0
1 0 0 0
-0.001953 0.318799 0.003628
0.999991 0.001955 -0.003906
0 0 0 0
1.332037 0.004711
9 0 0 0
1 0 0 0
-0.001953 0.292166 -0.048726
0.999991 0.001955 -0.003906
0 0 0 0
1.305946 0.04291
9 0 0 0
1 0 0 0
-0.001953 0.345959 0.003628
0.999996 -0.001954 -0.00195
0 0 0 0
1.358611 0.004711
9 0 0 0
1 0 0 0
-0.001953 0.427043 -0.048726
0.999991 0.001955 -0.003906
0 0 0 0
1.43785 0.04291
9 0 0 0
1 0 0 0
-0.001953 0.373250 0.003628
0.999991 0.001955 -0.003906
0 0 0 0
1.385185 0.004711
9 0 0 0
1 0 0 0
-0.001953 0.345959 0.003628
0.999991 0.001955 -0.003906
0 0 0 0
1.358611 0.004711
9 0 0 0
1 0 0 0
-0.001953 0.292166 -0.048726
0.999991 0.001955 -0.003906
0 0 0 0
1.305946 0.04291
9 0 0 0
1 0 0 0
-0.001953 0.400542 0.003628
0.999996 -0.001955 0.001947
0 0 0 0
1.411759 0.004711
9 0 0 0
1 0 0 0
-0.001953 0.373250 0.003628
0.999991 0.001955 -0.003906
0 0 0 0
1.385185 0.004711
9 0 0 0
1 0 0 0
-0.001953 0.427043 -0.048726
0.999996 -0.001954 -0.00195
0 0 0 0
1.43785 0.04291
9 0 0 0
1 0 0 0
-0.001953 0.427043 0.003628
0.999996 0.001955 0.001947
0 0 0 0
1.43785 0.004711
9 0 0 0
1 0 0 0
-0.009447 1.034975 0.003628
-0.800059 0.000098 -0.599921
0 0 0 0
1.263428 0.032589
9 0 0 0
1 0 0 0
-0.005700 1.034975 0.002319
-0.997809 0.003615 -0.066064
0 0 0 0
1.263428 0.036685
9 0 0 0
1 0 0 0
-0.005700 1.008343 0.002319
-0.990863 0.002443 -0.134852
0 0 0 0
1.289036 0.036685
9 0 0 0
1 0 0 0
-0.009447 1.008343 0.003628
-0.800059 -0.000098 -0.599921
0 0 0 0
1.289036 0.032589
9 0 0 0
1 0 0 0
-0.011807 1.034975 0.010359
-0.983401 0.00113 0.181441
0 0 0 0
1.263428 0.026746
9 0 0 0
1 0 0 0
-0.011807 1.008343 0.010359
-0.983401 0.00113 0.181441
0 0 0 0
1.289036 0.026746
9 0 0 0
1 0 0 0
-0.007088 1.008343 0.015969
-0.242647 -0.000116 0.970115
0 0 0 0
1.289036 0.019374
9 0 0 0
1 0 0 0
-0.007088 1.034975 0.015969
-0.242647 -0.000116 0.970115
0 0 0 0
1.263428 0.019374
9 0 0 0
1 0 0 0
-0.011807 1.034975 0.010359
-0.983401 0.00113 0.181441
0 0 0 0
1.263428 0.026746
9 0 0 0
1 0 0 0
-0.011807 1.008343 0.010359
-0.983401 0.00113 0.181441
0 0 0 0
1.289036 0.026746
9 0 0 0
1 0 0 0
-0.000842 1.008343 0.013164
0.922029 -0.002696 0.387111
0 0 0 0
1.289036 0.012001
9 0 0 0
1 0 0 0
-0.000842 1.034975 0.013164
0.922029 -0.002696 0.387111
0 0 0 0
1.263428 0.012001
9 0 0 0
1 0 0 0
-0.007088 1.034975 0.015969
-0.242647 -0.000116 0.970115
0 0 0 0
1.263428 0.019374
9 0 0 0
1 0 0 0
-0.007088 1.008343 0.015969
-0.242647 -0.000116 0.970115
0 0 0 0
1.289036 0.019374
9 0 0 0
1 0 0 0
-0.005700 1.034975 0.002319
-0.997809 0.003615 -0.066064
0 0 0 0
1.263428 0.036685
9 0 0 0
1 0 0 0
-0.005700 1.008343 -0.048726
-1 0.000003 -0.000003
0 0 0 0
1.288552 0.074092
9 0 0 0
1 0 0 0
-0.005700 1.008343 0.002319
-0.990863 0.002443 -0.134852
0 0 0 0
1.289036 0.036685
9 0 0 0
1 0 0 0
-0.005700 1.062267 0.002319
-0.999932 0.000011 -0.011707
0 0 0 0
1.237337 0.036685
9 0 0 0
1 0 0 0
-0.005700 1.008343 -0.048726
0.001955 -0.999996 0.001947
0 0 0 0
1.364409 0.07158
9 0 0 0
1 0 0 0
-0.001953 1.008343 -0.048726
0.001955 -0.999996 0.001947
0 0 0 0
1.364409 0.075758
9 0 0 0
1 0 0 0
-0.001953 1.008343 0.003628
-0.001955 -0.999991 -0.003906
0 0 0 0
1.402096 0.075758
9 0 0 0
1 0 0 0
-0.005700 1.008343 0.002319
-0.001955 -0.999991 -0.003906
0 0 0 0
1.401129 0.07158
9 0 0 0
1 0 0 0
-0.001953 1.008343 0.003628
0.993035 -0.002821 -0.117788
0 0 0 0
1.289036 0.002909
9 0 0 0
1 0 0 0
-0.001953 1.034975 0.003628
0.993035 -0.002821 -0.117788
0 0 0 0
1.263428 0.002882
9 0 0 0
1 0 0 0
-0.000842 1.008343 0.013164
0.922029 -0.002696 0.387111
0 0 0 0
1.289036 0.012001
9 0 0 0
1 0 0 0
-0.000842 1.034975 0.013164
0.922029 -0.002696 0.387111
0 0 0 0
1.263428 0.012001
9 0 0 0
1 0 0 0
-0.005700 1.034975 0.002319
-0.339507 0.000917 0.940603
0 0 0 0
1.422388 0.07472
9 0 0 0
1 0 0 0
-0.001953 1.034975 0.003628
-0.339507 0.000917 0.940603
0 0 0 0
1.426737 0.07472
9 0 0 0
1 0 0 0
-0.005700 1.062267 0.002319
-0.338875 0.000252 0.940831
0 0 0 0
1.422388 0.048071
9 0 0 0
1 0 0 0
-0.001953 1.062267 0.003628
-0.338875 -0.000252 0.940831
0 0 0 0
1.426737 0.048071
9 0 0 0
1 0 0 0
-0.011807 1.034975 0.010359
0.000051 1 -0.000097
0 0 0 0
1.438333 0.05973
9 0 0 0
1 0 0 0
-0.000842 1.034975 0.013164
-0.000373 1 0.000739
0 0 0 0
1.448479 0.052248
9 0 0 0
1 0 0 0
-0.009447 1.034975 0.003628
0.000641 0.999999 -0.001162
0 0 0 0
1.434951 0.054296
9 0 0 0
1 0 0 0
-0.007088 1.034975 0.015969
-0.000086 1 0.000185
0 0 0 0
1.446063 0.05973
9 0 0 0
1 0 0 0
-0.005700 1.062267 0.002319
-0.001148 -0.999997 0.002126
0 0 0 0
1.435917 0.073901
9 0 0 0
1 0 0 0
-0.001953 1.062267 0.003628
-0.001148 -0.999997 0.002126
0 0 0 0
1.439299 0.076467
9 0 0 0
1 0 0 0
-0.000842 1.062267 0.013164
-0.001148 -0.999997 0.002126
0 0 0 0
1.447996 0.071853
9 0 0 0
1 0 0 0
-0.009447 1.062267 0.003628
-0.001148 -0.999997 0.002126
0 0 0 0
1.434467 0.069778
9 0 0 0
1 0 0 0
-0.009447 1.062267 0.003628
-0.800059 -0.000098 -0.599921
0 0 0 0
1.237337 0.032562
9 0 0 0
1 0 0 0
-0.009447 1.089559 0.003628
-0.800059 0.000098 -0.599921
0 0 0 0
1.21173 0.032562
9 0 0 0
1 0 0 0
-0.005700 1.062267 0.002319
-0.999932 0.000011 -0.011707
0 0 0 0
1.237337 0.036685
9 0 0 0
1 0 0 0
-0.005700 1.089559 0.002319
-0.999932 0.000011 -0.011707
0 0 0 0
1.21173 0.036685
9 0 0 0
1 0 0 0
-0.005700 1.008343 -0.048726
-1 0.000003 -0.000003
0 0 0 0
1.288552 0.074092
9 0 0 0
1 0 0 0
-0.005700 1.143351 -0.048726
-1 0.000003 -0.000003
0 0 0 0
1.160031 0.074092
9 0 0 0
1 0 0 0
-0.011807 1.089559 0.010359
-0.983401 0.00113 0.181441
0 0 0 0
1.21173 0.026664
9 0 0 0
1 0 0 0
-0.009447 1.089559 0.003628
-0.800059 0.000098 -0.599921
0 0 0 0
1.21173 0.032562
9 0 0 0
1 0 0 0
-0.009447 1.062267 0.003628
-0.800059 0.000098 -0.599921
0 0 0 0
1.237337 0.032562
9 0 0 0
1 0 0 0
-0.011807 1.062267 0.010359
-0.983401 0.00113 0.181441
0 0 0 0
1.237337 0.026664
9 0 0 0
1 0 0 0
-0.007088 1.062267 0.015969
-0.242647 -0.000116 0.970115
0 0 0 0
1.237337 0.019237
9 0 0 0
1 0 0 0
-0.007088 1.089559 0.015969
-0.242647 -0.000116 0.970115
0 0 0 0
1.21173 0.019237
9 0 0 0
1 0 0 0
-0.011807 1.089559 0.010359
-0.983401 0.00113 0.181441
0 0 0 0
1.21173 0.026664
9 0 0 0
1 0 0 0
-0.011807 1.062267 0.010359
-0.983401 0.00113 0.181441
0 0 0 0
1.237337 0.026664
9 0 0 0
1 0 0 0
-0.000842 1.062267 0.013164
0.922029 -0.002696 0.387111
0 0 0 0
1.237337 0.01181
9 0 0 0
1 0 0 0
-0.000842 1.089559 0.013164
0.922029 -0.002696 0.387111
0 0 0 0
1.21173 0.01181
9 0 0 0
1 0 0 0
-0.007088 1.089559 0.015969
-0.242647 -0.000116 0.970115
0 0 0 0
1.21173 0.019237
9 0 0 0
1 0 0 0
-0.007088 1.062267 0.015969
-0.242647 -0.000116 0.970115
0 0 0 0
1.237337 0.019237
9 0 0 0
1 0 0 0
-0.001953 1.089559 0.003628
0.993035 -0.002821 -0.117788
0 0 0 0
1.21173 0.002636
9 0 0 0
1 0 0 0
-0.000842 1.089559 0.013164
0.922029 -0.002696 0.387111
0 0 0 0
1.21173 0.01181
9 0 0 0
1 0 0 0
-0.000842 1.062267 0.013164
0.922029 -0.002696 0.387111
0 0 0 0
1.237337 0.01181
9 0 0 0
1 0 0 0
-0.001953 1.062267 0.003628
0.993035 -0.002821 -0.117788
0 0 0 0
1.237337 0.002636
9 0 0 0
1 0 0 0
-0.005700 1.143351 -0.048726
-0.000151 0.000151 -1
0 0 0 0
1.160514 0.074829
9 0 0 0
1 0 0 0
-0.001953 1.143351 -0.048726
-0.000151 0.000151 -1
0 0 0 0
1.160514 0.078679
9 0 0 0
1 0 0 0
-0.001953 1.008343 -0.048726
-0.000151 0.000151 -1
0 0 0 0
1.287103 0.078679
9 0 0 0
1 0 0 0
-0.005700 1.008343 -0.048726
-0.000151 0.000151 -1
0 0 0 0
1.287103 0.074829
9 0 0 0
1 0 0 0
-0.011807 1.089559 0.010359
0.000051 1 -0.000097
0 0 0 0
1.438333 0.05973
9 0 0 0
1 0 0 0
-0.000842 1.089559 0.013164
-0.000373 1 0.000739
0 0 0 0
1.448479 0.052248
9 0 0 0
1 0 0 0
-0.009447 1.089559 0.003628
0.000641 0.999999 -0.001162
0 0 0 0
1.434951 0.054296
9 0 0 0
1 0 0 0
-0.007088 1.089559 0.015969
-0.000086 1 0.000185
0 0 0 0
1.446063 0.05973
9 0 0 0
1 0 0 0
-0.005700 1.116850 0.002319
-0.997809 0.003615 -0.066064
0 0 0 0
1.185156 0.036685
9 0 0 0
1 0 0 0
-0.005700 1.143351 -0.048726
-1 -0.000003 -0.000003
0 0 0 0
1.160031 0.074092
9 0 0 0
1 0 0 0
-0.005700 1.089559 0.002319
-0.999932 0.000011 -0.011707
0 0 0 0
1.21173 0.036685
9 0 0 0
1 0 0 0
-0.005700 1.143351 0.002319
-0.990863 0.002443 -0.134852
0 0 0 0
1.160031 0.036685
9 0 0 0
1 0 0 0
-0.009447 1.143351 0.003628
-0.800059 -0.000098 -0.599921
0 0 0 0
1.160031 0.032616
9 0 0 0
1 0 0 0
-0.005700 1.143351 0.002319
-0.990863 0.002443 -0.134852
0 0 0 0
1.160031 0.036685
9 0 0 0
1 0 0 0
-0.005700 1.116850 0.002319
-0.997809 0.003615 -0.066064
0 0 0 0
1.185156 0.036685
9 0 0 0
1 0 0 0
-0.009447 1.116850 0.003628
-0.800059 0.000098 -0.599921
0 0 0 0
1.185156 0.032616
9 0 0 0
1 0 0 0
-0.011807 1.143351 0.010359
-0.983401 0.00113 0.181441
0 0 0 0
1.160031 0.026773
9 0 0 0
1 0 0 0
-0.011807 1.116850 0.010359
-0.983401 0.00113 0.181441
0 0 0 0
1.185156 0.026773
9 0 0 0
1 0 0 0
-0.011807 1.116850 0.010359
-0.983401 0.00113 0.181441
0 0 0 0
1.185156 0.026773
9 0 0 0
1 0 0 0
-0.007088 1.116850 0.015969
-0.242647 -0.000116 0.970115
0 0 0 0
1.185156 0.019401
9 0 0 0
1 0 0 0
-0.011807 1.143351 0.010359
-0.983401 0.00113 0.181441
0 0 0 0
1.160031 0.026773
9 0 0 0
1 0 0 0
-0.007088 1.143351 0.015969
-0.242647 -0.000116 0.970115
0 0 0 0
1.160031 0.019401
9 0 0 0
1 0 0 0
-0.007088 1.116850 0.015969
-0.242647 -0.000116 0.970115
0 0 0 0
1.185156 0.019401
9 0 0 0
1 0 0 0
-0.000842 1.116850 0.013164
0.922029 -0.002696 0.387111
0 0 0 0
1.185156 0.012056
9 0 0 0
1 0 0 0
-0.007088 1.143351 0.015969
-0.242647 -0.000116 0.970115
0 0 0 0
1.160031 0.019401
9 0 0 0
1 0 0 0
-0.000842 1.143351 0.013164
0.922029 -0.002696 0.387111
0 0 0 0
1.160031 0.012056
9 0 0 0
1 0 0 0
-0.011807 1.143351 0.010359
0.000045 1 -0.000046
0 0 0 0
1.40741 0.059211
9 0 0 0
1 0 0 0
-0.000842 1.143351 0.013164
-0.001725 0.999997 0.001812
0 0 0 0
1.411276 0.047033
9 0 0 0
1 0 0 0
-0.009447 1.143351 0.003628
0.000011 1 -0.000011
0 0 0 0
1.401612 0.056644
9 0 0 0
1 0 0 0
-0.007088 1.143351 0.015969
0.000988 0.999999 0.000886
0 0 0 0
1.413692 0.054569
9 0 0 0
1 0 0 0
-0.005700 1.116850 0.002319
-0.001148 -0.999997 0.002126
0 0 0 0
1.435917 0.073901
9 0 0 0
1 0 0 0
-0.001953 1.116850 0.003628
-0.001148 -0.999997 0.002126
0 0 0 0
1.439299 0.076467
9 0 0 0
1 0 0 0
-0.000842 1.116850 0.013164
-0.001148 -0.999997 0.002126
0 0 0 0
1.447996 0.071853
9 0 0 0
1 0 0 0
-0.009447 1.116850 0.003628
-0.001148 -0.999997 0.002126
0 0 0 0
1.434467 0.069778
9 0 0 0
1 0 0 0
-0.001953 1.089559 0.003628
-0.339507 0.000917 0.940603
0 0 0 0
1.426737 0.07472
9 0 0 0
1 0 0 0
-0.001953 1.116850 0.003628
-0.338875 -0.000252 0.940831
0 0 0 0
1.426737 0.048071
9 0 0 0
1 0 0 0
-0.005700 1.116850 0.002319
-0.338875 0.000252 0.940831
0 0 0 0
1.422388 0.048071
9 0 0 0
1 0 0 0
-0.005700 1.089559 0.002319
-0.339507 0.000917 0.940603
0 0 0 0
1.422388 0.07472
9 0 0 0
1 0 0 0
-0.001953 1.116850 0.003628
0.993035 -0.002821 -0.117788
0 0 0 0
1.185156 0.002964
9 0 0 0
1 0 0 0
-0.001953 1.143351 0.003628
0.993035 -0.002821 -0.117788
0 0 0 0
1.160031 0.002964
9 0 0 0
1 0 0 0
-0.000842 1.116850 0.013164
0.922029 -0.002696 0.387111
0 0 0 0
1.185156 0.012056
9 0 0 0
1 0 0 0
-0.000842 1.143351 0.013164
0.922029 -0.002696 0.387111
0 0 0 0
1.160031 0.012056
9 0 0 0
1 0 0 0
-0.011807 1.008343 0.010359
0.001929 -0.999996 0.001888
0 0 0 0
1.407894 0.064863
9 0 0 0
1 0 0 0
-0.000842 1.008343 0.013164
0.001849 -0.999997 0.001779
0 0 0 0
1.411759 0.077041
9 0 0 0
1 0 0 0
-0.007088 1.008343 0.015969
-0.002794 -0.999991 0.003121
0 0 0 0
1.414175 0.069505
9 0 0 0
1 0 0 0
-0.009447 1.008343 0.003628
-0.001955 -0.999996 0.001947
0 0 0 0
1.402096 0.06743
9 0 0 0
1 0 0 0
-0.005700 1.008343 0.002319
0.001955 -0.999996 0.001947
0 0 0 0
1.401129 0.07158
9 0 0 0
1 0 0 0
-0.001953 1.008343 0.003628
0.001955 -0.999996 0.001947
0 0 0 0
1.402096 0.075758
9 0 0 0
1 0 0 0
-0.000842 1.034975 0.013164
0.000377 1 0.000205
0 0 0 0
1.448479 0.052248
9 0 0 0
1 0 0 0
-0.001953 1.034975 0.003628
0.000377 1 0.000205
0 0 0 0
1.439782 0.047579
9 0 0 0
1 0 0 0
-0.005700 1.034975 0.002319
0.000377 1 0.000205
0 0 0 0
1.4364 0.050173
9 0 0 0
1 0 0 0
-0.009447 1.034975 0.003628
0.000377 1 0.000205
0 0 0 0
1.434951 0.054296
9 0 0 0
1 0 0 0
-0.011807 1.062267 0.010359
-0.000619 -1 -0.000326
0 0 0 0
1.43785 0.064372
9 0 0 0
1 0 0 0
-0.009447 1.062267 0.003628
0.002321 -0.999997 0.001282
0 0 0 0
1.434467 0.069778
9 0 0 0
1 0 0 0
-0.000842 1.062267 0.013164
-0.000373 -1 0.000739
0 0 0 0
1.447996 0.071853
9 0 0 0
1 0 0 0
-0.007088 1.062267 0.015969
0.001998 -0.999998 0.000927
0 0 0 0
1.44558 0.064372
9 0 0 0
1 0 0 0
-0.000842 1.089559 0.013164
0.000377 1 0.000205
0 0 0 0
1.448479 0.052248
9 0 0 0
1 0 0 0
-0.001953 1.089559 0.003628
0.000377 1 0.000205
0 0 0 0
1.439782 0.047579
9 0 0 0
1 0 0 0
-0.005700 1.089559 0.002319
0.000377 1 0.000205
0 0 0 0
1.4364 0.050173
9 0 0 0
1 0 0 0
-0.009447 1.089559 0.003628
0.000377 1 0.000205
0 0 0 0
1.434951 0.054296
9 0 0 0
1 0 0 0
-0.011807 1.116850 0.010359
-0.000619 -1 -0.000326
0 0 0 0
1.43785 0.064372
9 0 0 0
1 0 0 0
-0.009447 1.116850 0.003628
0.002321 -0.999997 0.001282
0 0 0 0
1.434467 0.069778
9 0 0 0
1 0 0 0
-0.000842 1.116850 0.013164
-0.000373 -1 0.000739
0 0 0 0
1.447996 0.071853
9 0 0 0
1 0 0 0
-0.007088 1.116850 0.015969
0.001998 -0.999998 0.000927
0 0 0 0
1.44558 0.064372
9 0 0 0
1 0 0 0
-0.000842 1.143351 0.013164
0.000003 1 -0.000003
0 0 0 0
1.411276 0.047033
9 0 0 0
1 0 0 0
-0.001953 1.143351 0.003628
0.000003 1 -0.000003
0 0 0 0
1.401612 0.048316
9 0 0 0
1 0 0 0
-0.005700 1.143351 0.002319
0.000003 1 -0.000003
0 0 0 0
1.400163 0.052467
9 0 0 0
1 0 0 0
-0.009447 1.143351 0.003628
0.000003 1 -0.000003
0 0 0 0
1.401612 0.056644
9 0 0 0
1 0 0 0
-0.005700 1.143351 0.002319
0.000003 0.999983 0.005862
0 0 0 0
1.400163 0.052467
9 0 0 0
1 0 0 0
-0.001953 1.143351 0.003628
0.000003 0.999983 0.005862
0 0 0 0
1.401612 0.048316
9 0 0 0
1 0 0 0
-0.001953 1.143351 -0.048726
0.001954 0.999996 -0.00195
0 0 0 0
1.363926 0.048316
9 0 0 0
1 0 0 0
-0.005700 1.143351 -0.048726
0.001954 0.999996 -0.00195
0 0 0 0
1.363926 0.052467
9 0 0 0
1 0 0 0
-0.001953 1.008343 0.003628
0.999991 0.001955 -0.003906
0 0 0 0
1.305946 0.004711
9 0 0 0
1 0 0 0
-0.001953 1.008343 -0.048726
0.999996 -0.001954 -0.00195
0 0 0 0
1.305946 0.04291
9 0 0 0
1 0 0 0
-0.001953 1.034975 0.003628
0.999991 0.001955 -0.003906
0 0 0 0
1.332037 0.004711
9 0 0 0
1 0 0 0
-0.001953 1.034975 0.003628
0.999991 0.001955 -0.003906
0 0 0 0
1.332037 0.004711
9 0 0 0
1 0 0 0
-0.001953 1.008343 -0.048726
0.999991 0.001955 -0.003906
0 0 0 0
1.305946 0.04291
9 0 0 0
1 0 0 0
-0.001953 1.062267 0.003628
0.999996 -0.001954 -0.00195
0 0 0 0
1.358611 0.004711
9 0 0 0
1 0 0 0
-0.001953 1.143351 -0.048726
0.999991 0.001955 -0.003906
0 0 0 0
1.43785 0.04291
9 0 0 0
1 0 0 0
-0.001953 1.089559 0.003628
0.999991 0.001955 -0.003906
0 0 0 0
1.385185 0.004711
9 0 0 0
1 0 0 0
-0.001953 1.062267 0.003628
0.999991 0.001955 -0.003906
0 0 0 0
1.358611 0.004711
9 0 0 0
1 0 0 0
-0.001953 1.008343 -0.048726
0.999991 0.001955 -0.003906
0 0 0 0
1.305946 0.04291
9 0 0 0
1 0 0 0
-0.001953 1.116850 0.003628
0.999996 -0.001955 0.001947
0 0 0 0
1.411759 0.004711
9 0 0 0
1 0 0 0
-0.001953 1.089559 0.003628
0.999991 0.001955 -0.003906
0 0 0 0
1.385185 0.004711
9 0 0 0
1 0 0 0
-0.001953 1.143351 -0.048726
0.999996 -0.001954 -0.00195
0 0 0 0
1.43785 0.04291
9 0 0 0
1 0 0 0
-0.001953 1.143351 0.003628
0.999996 0.001955 0.001947
0 0 0 0
1.43785 0.004711
9 0 0 0
1 0 0 0
-0.009447 1.752470 0.003628
-0.800059 0.000098 -0.599921
0 0 0 0
1.263428 0.032589
9 0 0 0
1 0 0 0
-0.005700 1.752470 0.002319
-0.997809 0.003615 -0.066064
0 0 0 0
1.263428 0.036685
9 0 0 0
1 0 0 0
-0.005700 1.725970 0.002319
-0.990863 0.002443 -0.134852
0 0 0 0
1.289036 0.036685
9 0 0 0
1 0 0 0
-0.009447 1.725970 0.003628
-0.800059 -0.000098 -0.599921
0 0 0 0
1.289036 0.032589
9 0 0 0
1 0 0 0
-0.011807 1.752470 0.010359
-0.983401 0.00113 0.181441
0 0 0 0
1.263428 0.026746
9 0 0 0
1 0 0 0
-0.011807 1.725970 0.010359
-0.983401 0.00113 0.181441
0 0 0 0
1.289036 0.026746
9 0 0 0
1 0 0 0
-0.007088 1.725970 0.015969
-0.242647 -0.000116 0.970115
0 0 0 0
1.289036 0.019374
9 0 0 0
1 0 0 0
-0.007088 1.752470 0.015969
-0.242647 -0.000116 0.970115
0 0 0 0
1.263428 0.019374
9 0 0 0
1 0 0 0
-0.011807 1.752470 0.010359
-0.983401 0.00113 0.181441
0 0 0 0
1.263428 0.026746
9 0 0 0
1 0 0 0
-0.011807 1.725970 0.010359
-0.983401 0.00113 0.181441
0 0 0 0
1.289036 0.026746
9 0 0 0
1 0 0 0
-0.000842 1.725970 0.013164
0.922029 -0.002696 0.387111
0 0 0 0
1.289036 0.012001
9 0 0 0
1 0 0 0
-0.000842 1.752470 0.013164
0.922029 -0.002696 0.387111
0 0 0 0
1.263428 0.012001
9 0 0 0
1 0 0 0
-0.007088 1.752470 0.015969
-0.242647 -0.000116 0.970115
0 0 0 0
1.263428 0.019374
9 0 0 0
1 0 0 0
-0.007088 1.725970 0.015969
-0.242647 -0.000116 0.970115
0 0 0 0
1.289036 0.019374
9 0 0 0
1 0 0 0
-0.005700 1.752470 0.002319
-0.997809 0.003615 -0.066064
0 0 0 0
1.263428 0.036685
9 0 0 0
1 0 0 0
-0.005700 1.725970 -0.048726
-1 0.000003 -0.000003
0 0 0 0
1.288552 0.074092
9 0 0 0
1 0 0 0
-0.005700 1.725970 0.002319
-0.990863 0.002443 -0.134852
0 0 0 0
1.289036 0.036685
9 0 0 0
1 0 0 0
-0.005700 1.779762 0.002319
-0.999932 0.000011 -0.011707
0 0 0 0
1.237337 0.036685
9 0 0 0
1 0 0 0
-0.005700 1.725970 -0.048726
0.001955 -0.999996 0.001947
0 0 0 0
1.364409 0.07158
9 0 0 0
1 0 0 0
-0.001953 1.725970 -0.048726
0.001955 -0.999996 0.001947
0 0 0 0
1.364409 0.075758
9 0 0 0
1 0 0 0
-0.001953 1.725970 0.003628
0.001955 -0.999996 0.001947
0 0 0 0
1.402096 0.075758
9 0 0 0
1 0 0 0
-0.005700 1.725970 0.002319
0.001955 -0.999996 0.001947
0 0 0 0
1.401129 0.07158
9 0 0 0
1 0 0 0
-0.000842 1.725970 0.013164
0.001849 -0.999997 0.001779
0 0 0 0
1.411759 0.077041
9 0 0 0
1 0 0 0
-0.009447 1.725970 0.003628
-0.001955 -0.999996 0.001947
0 0 0 0
1.402096 0.06743
9 0 0 0
1 0 0 0
-0.011807 1.725970 0.010359
0.001929 -0.999996 0.001888
0 0 0 0
1.407894 0.064863
9 0 0 0
1 0 0 0
-0.007088 1.725970 0.015969
-0.002794 -0.999991 0.003121
0 0 0 0
1.414175 0.069505
9 0 0 0
1 0 0 0
-0.001953 1.725970 0.003628
0.993035 -0.002821 -0.117788
0 0 0 0
1.289036 0.002909
9 0 0 0
1 0 0 0
-0.001953 1.752470 0.003628
0.993035 -0.002821 -0.117788
0 0 0 0
1.263428 0.002882
9 0 0 0
1 0 0 0
-0.000842 1.725970 0.013164
0.922029 -0.002696 0.387111
0 0 0 0
1.289036 0.012001
9 0 0 0
1 0 0 0
-0.000842 1.752470 0.013164
0.922029 -0.002696 0.387111
0 0 0 0
1.263428 0.012001
9 0 0 0
1 0 0 0
-0.005700 1.752470 0.002319
-0.339507 0.000917 0.940603
0 0 0 0
1.422388 0.07472
9 0 0 0
1 0 0 0
-0.001953 1.752470 0.003628
-0.339507 0.000917 0.940603
0 0 0 0
1.426737 0.07472
9 0 0 0
1 0 0 0
-0.005700 1.779762 0.002319
-0.338875 0.000252 0.940831
0 0 0 0
1.422388 0.048071
9 0 0 0
1 0 0 0
-0.001953 1.779762 0.003628
-0.338875 -0.000252 0.940831
0 0 0 0
1.426737 0.048071
9 0 0 0
1 0 0 0
-0.011807 1.752470 0.010359
0.000051 1 -0.000097
0 0 0 0
1.438333 0.05973
9 0 0 0
1 0 0 0
-0.000842 1.752470 0.013164
-0.000373 1 0.000739
0 0 0 0
1.448479 0.052248
9 0 0 0
1 0 0 0
-0.009447 1.752470 0.003628
0.000641 0.999999 -0.001162
0 0 0 0
1.434951 0.054296
9 0 0 0
1 0 0 0
-0.007088 1.752470 0.015969
-0.000086 1 0.000185
0 0 0 0
1.446063 0.05973
9 0 0 0
1 0 0 0
-0.005700 1.779762 0.002319
-0.001148 -0.999997 0.002126
0 0 0 0
1.435917 0.073901
9 0 0 0
1 0 0 0
-0.001953 1.779762 0.003628
-0.001148 -0.999997 0.002126
0 0 0 0
1.439299 0.076467
9 0 0 0
1 0 0 0
-0.000842 1.779762 0.013164
-0.001148 -0.999997 0.002126
0 0 0 0
1.447996 0.071853
9 0 0 0
1 0 0 0
-0.009447 1.779762 0.003628
-0.001148 -0.999997 0.002126
0 0 0 0
1.434467 0.069778
9 0 0 0
1 0 0 0
-0.009447 1.779762 0.003628
-0.800059 -0.000098 -0.599921
0 0 0 0
1.237337 0.032562
9 0 0 0
1 0 0 0
-0.009447 1.807054 0.003628
-0.800059 0.000098 -0.599921
0 0 0 0
1.21173 0.032562
9 0 0 0
1 0 0 0
-0.005700 1.779762 0.002319
-0.999932 0.000011 -0.011707
0 0 0 0
1.237337 0.036685
9 0 0 0
1 0 0 0
-0.005700 1.807054 0.002319
-0.999932 0.000011 -0.011707
0 0 0 0
1.21173 0.036685
9 0 0 0
1 0 0 0
-0.005700 1.725970 -0.048726
-1 0.000003 -0.000003
0 0 0 0
1.288552 0.074092
9 0 0 0
1 0 0 0
-0.005700 1.860846 -0.048726
-1 0.000003 -0.000003
0 0 0 0
1.160031 0.074092
9 0 0 0
1 0 0 0
-0.011807 1.807054 0.010359
-0.983401 0.00113 0.181441
0 0 0 0
1.21173 0.026664
9 0 0 0
1 0 0 0
-0.009447 1.807054 0.003628
-0.800059 0.000098 -0.599921
0 0 0 0
1.21173 0.032562
9 0 0 0
1 0 0 0
-0.009447 1.779762 0.003628
-0.800059 0.000098 -0.599921
0 0 0 0
1.237337 0.032562
9 0 0 0
1 0 0 0
-0.011807 1.779762 0.010359
-0.983401 0.00113 0.181441
0 0 0 0
1.237337 0.026664
9 0 0 0
1 0 0 0
-0.007088 1.779762 0.015969
-0.242647 -0.000116 0.970115
0 0 0 0
1.237337 0.019237
9 0 0 0
1 0 0 0
-0.007088 1.807054 0.015969
-0.242647 -0.000116 0.970115
0 0 0 0
1.21173 0.019237
9 0 0 0
1 0 0 0
-0.011807 1.807054 0.010359
-0.983401 0.00113 0.181441
0 0 0 0
1.21173 0.026664
9 0 0 0
1 0 0 0
-0.011807 1.779762 0.010359
-0.983401 0.00113 0.181441
0 0 0 0
1.237337 0.026664
9 0 0 0
1 0 0 0
-0.000842 1.779762 0.013164
0.922029 -0.002696 0.387111
0 0 0 0
1.237337 0.01181
9 0 0 0
1 0 0 0
-0.000842 1.807054 0.013164
0.922029 -0.002696 0.387111
0 0 0 0
1.21173 0.01181
9 0 0 0
1 0 0 0
-0.007088 1.807054 0.015969
-0.242647 -0.000116 0.970115
0 0 0 0
1.21173 0.019237
9 0 0 0
1 0 0 0
-0.007088 1.779762 0.015969
-0.242647 -0.000116 0.970115
0 0 0 0
1.237337 0.019237
9 0 0 0
1 0 0 0
-0.001953 1.807054 0.003628
0.993035 -0.002821 -0.117788
0 0 0 0
1.21173 0.002636
9 0 0 0
1 0 0 0
-0.000842 1.807054 0.013164
0.922029 -0.002696 0.387111
0 0 0 0
1.21173 0.01181
9 0 0 0
1 0 0 0
-0.000842 1.779762 0.013164
0.922029 -0.002696 0.387111
0 0 0 0
1.237337 0.01181
9 0 0 0
1 0 0 0
-0.001953 1.779762 0.003628
0.993035 -0.002821 -0.117788
0 0 0 0
1.237337 0.002636
9 0 0 0
1 0 0 0
-0.005700 1.860846 -0.048726
-0.000151 0.000151 -1
0 0 0 0
1.160514 0.074829
9 0 0 0
1 0 0 0
-0.001953 1.860846 -0.048726
-0.000151 0.000151 -1
0 0 0 0
1.160514 0.078679
9 0 0 0
1 0 0 0
-0.001953 1.725970 -0.048726
-0.000151 0.000151 -1
0 0 0 0
1.287103 0.078679
9 0 0 0
1 0 0 0
-0.005700 1.725970 -0.048726
-0.000151 0.000151 -1
0 0 0 0
1.287103 0.074829
9 0 0 0
1 0 0 0
-0.011807 1.807054 0.010359
0.000051 1 -0.000097
0 0 0 0
1.438333 0.05973
9 0 0 0
1 0 0 0
-0.000842 1.807054 0.013164
-0.000373 1 0.000739
0 0 0 0
1.448479 0.052248
9 0 0 0
1 0 0 0
-0.009447 1.807054 0.003628
0.000641 0.999999 -0.001162
0 0 0 0
1.434951 0.054296
9 0 0 0
1 0 0 0
-0.007088 1.807054 0.015969
-0.000086 1 0.000185
0 0 0 0
1.446063 0.05973
9 0 0 0
1 0 0 0
-0.005700 1.834345 0.002319
-0.997809 0.003615 -0.066064
0 0 0 0
1.185156 0.036685
9 0 0 0
1 0 0 0
-0.005700 1.860846 -0.048726
-1 -0.000003 -0.000003
0 0 0 0
1.160031 0.074092
9 0 0 0
1 0 0 0
-0.005700 1.807054 0.002319
-0.999932 0.000011 -0.011707
0 0 0 0
1.21173 0.036685
9 0 0 0
1 0 0 0
-0.005700 1.860846 0.002319
-0.990863 0.002443 -0.134852
0 0 0 0
1.160031 0.036685
9 0 0 0
1 0 0 0
-0.009447 1.860846 0.003628
-0.800059 -0.000098 -0.599921
0 0 0 0
1.160031 0.032616
9 0 0 0
1 0 0 0
-0.005700 1.860846 0.002319
-0.990863 0.002443 -0.134852
0 0 0 0
1.160031 0.036685
9 0 0 0
1 0 0 0
-0.005700 1.834345 0.002319
-0.997809 0.003615 -0.066064
0 0 0 0
1.185156 0.036685
9 0 0 0
1 0 0 0
-0.009447 1.834345 0.003628
-0.800059 0.000098 -0.599921
0 0 0 0
1.185156 0.032616
9 0 0 0
1 0 0 0
-0.011807 1.860846 0.010359
-0.983401 0.00113 0.181441
0 0 0 0
1.160031 0.026773
9 0 0 0
1 0 0 0
-0.011807 1.834345 0.010359
-0.983401 0.00113 0.181441
0 0 0 0
1.185156 0.026773
9 0 0 0
1 0 0 0
-0.011807 1.834345 0.010359
-0.983401 0.00113 0.181441
0 0 0 0
1.185156 0.026773
9 0 0 0
1 0 0 0
-0.007088 1.834345 0.015969
-0.242647 -0.000116 0.970115
0 0 0 0
1.185156 0.019401
9 0 0 0
1 0 0 0
-0.011807 1.860846 0.010359
-0.983401 0.00113 0.181441
0 0 0 0
1.160031 0.026773
9 0 0 0
1 0 0 0
-0.007088 1.860846 0.015969
-0.242647 -0.000116 0.970115
0 0 0 0
1.160031 0.019401
9 0 0 0
1 0 0 0
-0.007088 1.834345 0.015969
-0.242647 -0.000116 0.970115
0 0 0 0
1.185156 0.019401
9 0 0 0
1 0 0 0
-0.000842 1.834345 0.013164
0.922029 -0.002696 0.387111
0 0 0 0
1.185156 0.012056
9 0 0 0
1 0 0 0
-0.007088 1.860846 0.015969
-0.242647 -0.000116 0.970115
0 0 0 0
1.160031 0.019401
9 0 0 0
1 0 0 0
-0.000842 1.860846 0.013164
0.922029 -0.002696 0.387111
0 0 0 0
1.160031 0.012056
9 0 0 0
1 0 0 0
-0.011807 1.860846 0.010359
0.000045 1 -0.000046
0 0 0 0
1.40741 0.059211
9 0 0 0
1 0 0 0
-0.000842 1.860846 0.013164
-0.001725 0.999997 0.001812
0 0 0 0
1.411276 0.047033
9 0 0 0
1 0 0 0
-0.009447 1.860846 0.003628
0.000011 1 -0.000011
0 0 0 0
1.401612 0.056644
9 0 0 0
1 0 0 0
-0.007088 1.860846 0.015969
0.000988 0.999999 0.000886
0 0 0 0
1.413692 0.054569
9 0 0 0
1 0 0 0
-0.005700 1.834345 0.002319
-0.001148 -0.999997 0.002126
0 0 0 0
1.435917 0.073901
9 0 0 0
1 0 0 0
-0.001953 1.834345 0.003628
-0.001148 -0.999997 0.002126
0 0 0 0
1.439299 0.076467
9 0 0 0
1 0 0 0
-0.000842 1.834345 0.013164
-0.001148 -0.999997 0.002126
0 0 0 0
1.447996 0.071853
9 0 0 0
1 0 0 0
-0.009447 1.834345 0.003628
-0.001148 -0.999997 0.002126
0 0 0 0
1.434467 0.069778
9 0 0 0
1 0 0 0
-0.001953 1.807054 0.003628
-0.339507 0.000917 0.940603
0 0 0 0
1.426737 0.07472
9 0 0 0
1 0 0 0
-0.001953 1.834345 0.003628
-0.338875 -0.000252 0.940831
0 0 0 0
1.426737 0.048071
9 0 0 0
1 0 0 0
-0.005700 1.834345 0.002319
-0.338875 0.000252 0.940831
0 0 0 0
1.422388 0.048071
9 0 0 0
1 0 0 0
-0.005700 1.807054 0.002319
-0.339507 0.000917 0.940603
0 0 0 0
1.422388 0.07472
9 0 0 0
1 0 0 0
-0.001953 1.834345 0.003628
0.993035 -0.002821 -0.117788
0 0 0 0
1.185156 0.002964
9 0 0 0
1 0 0 0
-0.001953 1.860846 0.003628
0.993035 -0.002821 -0.117788
0 0 0 0
1.160031 0.002964
9 0 0 0
1 0 0 0
-0.000842 1.834345 0.013164
0.922029 -0.002696 0.387111
0 0 0 0
1.185156 0.012056
9 0 0 0
1 0 0 0
-0.000842 1.860846 0.013164
0.922029 -0.002696 0.387111
0 0 0 0
1.160031 0.012056
9 0 0 0
1 0 0 0
-0.000842 1.752470 0.013164
0.000377 1 0.000205
0 0 0 0
1.448479 0.052248
9 0 0 0
1 0 0 0
-0.001953 1.752470 0.003628
0.000377 1 0.000205
0 0 0 0
1.439782 0.047579
9 0 0 0
1 0 0 0
-0.005700 1.752470 0.002319
0.000377 1 0.000205
0 0 0 0
1.4364 0.050173
9 0 0 0
1 0 0 0
-0.009447 1.752470 0.003628
0.000377 1 0.000205
0 0 0 0
1.434951 0.054296
9 0 0 0
1 0 0 0
-0.011807 1.779762 0.010359
-0.000619 -1 -0.000326
0 0 0 0
1.43785 0.064372
9 0 0 0
1 0 0 0
-0.009447 1.779762 0.003628
0.002321 -0.999997 0.001282
0 0 0 0
1.434467 0.069778
9 0 0 0
1 0 0 0
-0.000842 1.779762 0.013164
-0.000373 -1 0.000739
0 0 0 0
1.447996 0.071853
9 0 0 0
1 0 0 0
-0.007088 1.779762 0.015969
0.001998 -0.999998 0.000927
0 0 0 0
1.44558 0.064372
9 0 0 0
1 0 0 0
-0.000842 1.807054 0.013164
0.000377 1 0.000205
0 0 0 0
1.448479 0.052248
9 0 0 0
1 0 0 0
-0.001953 1.807054 0.003628
0.000377 1 0.000205
0 0 0 0
1.439782 0.047579
9 0 0 0
1 0 0 0
-0.005700 1.807054 0.002319
0.000377 1 0.000205
0 0 0 0
1.4364 0.050173
9 0 0 0
1 0 0 0
-0.009447 1.807054 0.003628
0.000377 1 0.000205
0 0 0 0
1.434951 0.054296
9 0 0 0
1 0 0 0
-0.011807 1.834345 0.010359
-0.000619 -1 -0.000326
0 0 0 0
1.43785 0.064372
9 0 0 0
1 0 0 0
-0.009447 1.834345 0.003628
0.002321 -0.999997 0.001282
0 0 0 0
1.434467 0.069778
9 0 0 0
1 0 0 0
-0.000842 1.834345 0.013164
-0.000373 -1 0.000739
0 0 0 0
1.447996 0.071853
9 0 0 0
1 0 0 0
-0.007088 1.834345 0.015969
0.001998 -0.999998 0.000927
0 0 0 0
1.44558 0.064372
9 0 0 0
1 0 0 0
-0.000842 1.860846 0.013164
0.000003 1 -0.000003
0 0 0 0
1.411276 0.047033
9 0 0 0
1 0 0 0
-0.001953 1.860846 0.003628
0.000003 1 -0.000003
0 0 0 0
1.401612 0.048316
9 0 0 0
1 0 0 0
-0.005700 1.860846 0.002319
0.000003 1 -0.000003
0 0 0 0
1.400163 0.052467
9 0 0 0
1 0 0 0
-0.009447 1.860846 0.003628
0.000003 1 -0.000003
0 0 0 0
1.401612 0.056644
9 0 0 0
1 0 0 0
-0.005700 1.860846 0.002319
0.000003 0.999983 0.005862
0 0 0 0
1.400163 0.052467
9 0 0 0
1 0 0 0
-0.001953 1.860846 0.003628
0.000003 0.999983 0.005862
0 0 0 0
1.401612 0.048316
9 0 0 0
1 0 0 0
-0.001953 1.860846 -0.048726
0.001954 0.999996 -0.00195
0 0 0 0
1.363926 0.048316
9 0 0 0
1 0 0 0
-0.005700 1.860846 -0.048726
0.001954 0.999996 -0.00195
0 0 0 0
1.363926 0.052467
9 0 0 0
1 0 0 0
-0.001953 1.725970 0.003628
0.999991 0.001955 -0.003906
0 0 0 0
1.305946 0.004711
9 0 0 0
1 0 0 0
-0.001953 1.725970 -0.048726
0.999996 -0.001954 -0.00195
0 0 0 0
1.305946 0.04291
9 0 0 0
1 0 0 0
-0.001953 1.752470 0.003628
0.999991 0.001955 -0.003906
0 0 0 0
1.332037 0.004711
9 0 0 0
1 0 0 0
-0.001953 1.752470 0.003628
0.999991 0.001955 -0.003906
0 0 0 0
1.332037 0.004711
9 0 0 0
1 0 0 0
-0.001953 1.725970 -0.048726
0.999991 0.001955 -0.003906
0 0 0 0
1.305946 0.04291
9 0 0 0
1 0 0 0
-0.001953 1.779762 0.003628
0.999996 -0.001954 -0.00195
0 0 0 0
1.358611 0.004711
9 0 0 0
1 0 0 0
-0.001953 1.860846 -0.048726
0.999991 0.001955 -0.003906
0 0 0 0
1.43785 0.04291
9 0 0 0
1 0 0 0
-0.001953 1.807054 0.003628
0.999991 0.001955 -0.003906
0 0 0 0
1.385185 0.004711
9 0 0 0
1 0 0 0
-0.001953 1.779762 0.003628
0.999991 0.001955 -0.003906
0 0 0 0
1.358611 0.004711
9 0 0 0
1 0 0 0
-0.001953 1.725970 -0.048726
0.999991 0.001955 -0.003906
0 0 0 0
1.305946 0.04291
9 0 0 0
1 0 0 0
-0.001953 1.834345 0.003628
0.999996 -0.001955 0.001947
0 0 0 0
1.411759 0.004711
9 0 0 0
1 0 0 0
-0.001953 1.807054 0.003628
0.999991 0.001955 -0.003906
0 0 0 0
1.385185 0.004711
9 0 0 0
1 0 0 0
-0.001953 1.860846 -0.048726
0.999996 -0.001954 -0.00195
0 0 0 0
1.43785 0.04291
9 0 0 0
1 0 0 0
-0.001953 1.860846 0.003628
0.999996 0.001955 0.001947
0 0 0 0
1.43785 0.004711
9 0 0 0
1 0 0 0
340
2 1 0
2 3 1
6 5 4
6 7 5
10 9 8
10 11 9
14 13 12
13 15 12
18 17 16
17 19 16
22 21 20
22 20 23
26 25 24
25 27 24
30 29 28
30 28 31
34 33 32
34 32 35
38 37 36
38 36 39
42 41 40
43 42 40
46 45 44
47 46 44
50 49 48
53 52 51
54 51 52
57 56 55
58 55 56
61 60 59
62 59 60
65 64 63
66 63 64
69 68 67
70 67 68
73 72 71
74 71 72
77 76 75
80 79 78
83 82 81
86 85 84
89 88 87
92 91 90
91 93 90
91 94 93
94 95 93
98 97 96
98 96 99
102 101 100
102 100 103
106 105 104
106 104 107
110 109 108
111 110 108
114 113 112
114 112 115
118 117 116
119 118 116
122 121 120
123 122 120
126 125 124
126 127 125
130 129 128
130 131 129
134 133 132
134 135 133
138 137 136
137 139 136
142 141 140
141 143 140
146 145 144
149 148 147
150 147 148
153 152 151
154 151 152
157 156 155
158 155 156
161 160 159
162 159 160
165 164 163
166 163 164
169 168 167
170 167 168
173 172 171
176 175 174
179 178 177
182 181 180
185 184 183
188 187 186
187 189 186
186 189 190
189 191 190
194 193 192
194 195 193
198 197 196
198 196 199
202 201 200
202 203 201
206 205 204
205 207 204
210 209 208
210 208 211
214 213 212
214 215 213
218 217 216
219 218 216
222 221 220
222 223 221
226 225 224
225 227 224
230 229 228
230 231 229
234 233 232
234 232 235
235 232 236
235 236 237
240 239 238
240 238 241
244 243 242
244 242 245
248 247 246
249 246 247
252 251 250
253 252 250
256 255 254
256 257 255
260 259 258
260 261 259
264 263 262
263 265 262
268 267 266
268 266 269
272 271 270
272 273 271
274 273 272
274 272 275
278 277 276
278 276 279
282 281 280
282 280 283
286 285 284
286 284 287
290 289 288
290 288 291
294 293 292
294 292 295
298 297 296
297 299 296
302 301 300
303 300 301
306 305 304
306 304 307
307 304 308
307 308 309
312 311 310
312 313 311
316 315 314
316 317 315
320 319 318
319 321 318
324 323 322
324 322 325
328 327 326
328 326 329
332 331 330
332 333 331
336 335 334
335 337 334
335 338 337
335 339 338
342 341 340
342 340 343
346 345 344
347 346 344
350 349 348
350 348 351
354 353 352
355 354 352
358 357 356
358 356 359
362 361 360
362 360 363
366 365 364
369 368 367
372 371 370
372 370 373
376 375 374
376 374 377
380 379 378
380 378 381
381 378 382
381 382 383
386 385 384
386 384 387
390 389 388
390 388 391
394 393 392
395 392 393
398 397 396
399 398 396
402 401 400
402 403 401
406 405 404
406 407 405
410 409 408
409 411 408
414 413 412
414 412 415
418 417 416
418 419 417
419 418 420
421 419 420
424 423 422
424 422 425
428 427 426
428 426 429
432 431 430
432 430 433
436 435 434
436 434 437
440 439 438
440 438 441
444 443 442
443 445 442
448 447 446
449 446 447
452 451 450
452 450 453
453 450 454
453 454 455
458 457 456
458 459 457
462 461 460
462 463 461
466 465 464
465 467 464
470 469 468
470 468 471
474 473 472
474 472 475
478 477 476
478 479 477
482 481 480
481 483 480
481 484 483
481 485 484
488 487 486
488 486 489
492 491 490
493 492 490
496 495 494
496 494 497
500 499 498
501 500 498
504 503 502
504 502 505
508 507 506
508 506 509
512 511 510
515 514 513
518 517 516
518 516 519
522 521 520
522 520 523
526 525 524
526 524 527
527 524 528
527 528 529
532 531 530
532 530 533
536 535 534
536 534 537
540 539 538
541 538 539
544 543 542
545 544 542
546 544 545
546 545 547
546 547 548
549 546 548
552 551 550
552 553 551
556 555 554
556 557 555
560 559 558
559 561 558
564 563 562
564 562 565
568 567 566
568 569 567
569 568 570
571 569 570
574 573 572
574 572 575
578 577 576
578 576 579
582 581 580
582 580 583
586 585 584
586 584 587
590 589 588
590 588 591
594 593 592
593 595 592
598 597 596
599 596 597
602 601 600
602 600 603
603 600 604
603 604 605
608 607 606
608 609 607
612 611 610
612 613 611
616 615 614
615 617 614
620 619 618
620 618 621
624 623 622
624 622 625
628 627 626
628 629 627
632 631 630
632 630 633
636 635 634
637 636 634
640 639 638
640 638 641
644 643 642
645 644 642
648 647 646
648 646 649
652 651 650
652 650 653
656 655 654
659 658 657
662 661 660
662 660 663
666 665 664
666 664 667
submesh_1
0
1
tlou2_1
0
228
1.125000 0.000000 -0.060318
1 0 0
0 0 0 0
9 0 0 0
1 0 0 0
1.125000 2.160000 -0.060318
1 0 0
0 0 0 0
9 0 0 0
1 0 0 0
1.125000 2.160000 0.007929
1 0 0
0 0 0 0
9 0 0 0
1 0 0 0
1.125000 0.000000 0.007929
1 0 0
0 0 0 0
9 0 0 0
1 0 0 0
-0.000010 2.160000 0.007929
0 1 0
0 0 0 0
9 0 0 0
1 0 0 0
1.125000 2.160000 0.007929
0 1 0
0 0 0 0
9 0 0 0
1 0 0 0
1.125000 2.160000 -0.060318
0 1 0
0 0 0 0
9 0 0 0
1 0 0 0
-0.000010 2.160000 -0.060318
0 1 0
0 0 0 0
9 0 0 0
1 0 0 0
-0.000010 0.000000 -0.060318
-1 0 0
0 0 0 0
9 0 0 0
1 0 0 0
-0.000010 0.000000 0.007929
-1 0 0
0 0 0 0
9 0 0 0
1 0 0 0
-0.000010 2.160000 0.007929
-1 0 0
0 0 0 0
9 0 0 0
1 0 0 0
-0.000010 2.160000 -0.060318
-1 0 0
0 0 0 0
9 0 0 0
1 0 0 0
1.125000 0.000000 -0.060318
0 -1 0
0 0 0 0
9 0 0 0
1 0 0 0
1.125000 0.000000 0.007929
0 -1 0
0 0 0 0
9 0 0 0
1 0 0 0
-0.000010 0.000000 0.007929
0 -1 0
0 0 0 0
9 0 0 0
1 0 0 0
-0.000010 0.000000 -0.060318
0 -1 0
0 0 0 0
9 0 0 0
1 0 0 0
-0.000010 2.160000 -0.060318
0 0 -1
0 0 0 0
9 0 0 0
1 0 0 0
1.125000 2.160000 -0.060318
0 0 -1
0 0 0 0
9 0 0 0
1 0 0 0
1.077812 2.078257 -0.060318
-0.023604 -0.031472 -0.999226
0 0 0 0
9 0 0 0
1 0 0 0
0.049260 2.078257 -0.060318
0.023604 -0.031472 -0.999226
0 0 0 0
9 0 0 0
1 0 0 0
1.125000 2.160000 -0.060318
0 0 -1
0 0 0 0
9 0 0 0
1 0 0 0
1.077812 1.188969 -0.060318
-0.03148 0 -0.999504
0 0 0 0
9 0 0 0
1 0 0 0
1.077812 2.078257 -0.060318
-0.023604 -0.031472 -0.999226
0 0 0 0
9 0 0 0
1 0 0 0
0.049260 2.078257 -0.060318
0.023604 -0.031472 -0.999226
0 0 0 0
9 0 0 0
1 0 0 0
0.049260 1.188969 -0.060318
0.03148 0 -0.999504
0 0 0 0
9 0 0 0
1 0 0 0
-0.000010 2.160000 -0.060318
0 0 -1
0 0 0 0
9 0 0 0
1 0 0 0
0.049260 1.146120 -0.060318
0.03148 0 -0.999504
0 0 0 0
9 0 0 0
1 0 0 0
0.049260 1.188969 -0.060318
0.03148 0 -0.999504
0 0 0 0
9 0 0 0
1 0 0 0
1.077812 1.188969 -0.060318
-0.03148 0 -0.999504
0 0 0 0
9 0 0 0
1 0 0 0
1.077812 1.146120 -0.060318
-0.03148 0 -0.999504
0 0 0 0
9 0 0 0
1 0 0 0
1.125000 2.160000 -0.060318
0 0 -1
0 0 0 0
9 0 0 0
1 0 0 0
1.125000 0.000000 -0.060318
0 0 -1
0 0 0 0
9 0 0 0
1 0 0 0
-0.000010 0.000000 -0.060318
0 0 -1
0 0 0 0
9 0 0 0
1 0 0 0
0.049260 1.146120 -0.060318
0.03148 0 -0.999504
0 0 0 0
9 0 0 0
1 0 0 0
0.049260 0.365076 -0.060318
0.007874 0.007874 -0.999938
0 0 0 0
9 0 0 0
1 0 0 0
-0.000010 0.000000 -0.060318
0 0 -1
0 0 0 0
9 0 0 0
1 0 0 0
0.049260 0.365076 -0.060318
0.007874 0.007874 -0.999938
0 0 0 0
9 0 0 0
1 0 0 0
1.125000 0.000000 -0.060318
0 0 -1
0 0 0 0
9 0 0 0
1 0 0 0
1.077812 0.365076 -0.060318
-0.007874 0.007874 -0.999938
0 0 0 0
9 0 0 0
1 0 0 0
1.125000 0.000000 -0.060318
0 0 -1
0 0 0 0
9 0 0 0
1 0 0 0
1.077812 0.365076 -0.060318
-0.007874 0.007874 -0.999938
0 0 0 0
9 0 0 0
1 0 0 0
1.077812 1.146120 -0.060318
-0.03148 0 -0.999504
0 0 0 0
9 0 0 0
1 0 0 0
-0.000010 2.160000 -0.060318
0 0 -1
0 0 0 0
9 0 0 0
1 0 0 0
0.049260 1.146120 -0.060318
0.03148 0 -0.999504
0 0 0 0
9 0 0 0
1 0 0 0
-0.000010 0.000000 -0.060318
0 0 -1
0 0 0 0
9 0 0 0
1 0 0 0
0.049260 1.188969 -0.060318
0.03148 0 -0.999504
0 0 0 0
9 0 0 0
1 0 0 0
-0.000010 2.160000 0.007929
0 0 1
0 0 0 0
9 0 0 0
1 0 0 0
1.077812 2.078257 0.007929
-0.023609 -0.023609 0.999443
0 0 0 0
9 0 0 0
1 0 0 0
1.125000 2.160000 0.007929
0 0 1
0 0 0 0
9 0 0 0
1 0 0 0
0.049260 2.078257 0.007929
0.023609 -0.023609 0.999443
0 0 0 0
9 0 0 0
1 0 0 0
0.061195 2.067314 -0.000298
0 -0.615032 0.788502
0 0 0 0
9 0 0 0
1 0 0 0
1.065877 2.067314 -0.000298
0 -0.615032 0.788502
0 0 0 0
9 0 0 0
1 0 0 0
1.077812 1.188969 0.007929
-0.03148 0 0.999504
0 0 0 0
9 0 0 0
1 0 0 0
1.125000 2.160000 0.007929
0 0 1
0 0 0 0
9 0 0 0
1 0 0 0
1.077812 2.078257 0.007929
-0.023609 -0.023609 0.999443
0 0 0 0
9 0 0 0
1 0 0 0
0.049260 1.188969 0.007929
0.03148 0 0.999504
0 0 0 0
9 0 0 0
1 0 0 0
0.049260 2.078257 0.007929
0.023609 -0.023609 0.999443
0 0 0 0
9 0 0 0
1 0 0 0
-0.000010 2.160000 0.007929
0 0 1
0 0 0 0
9 0 0 0
1 0 0 0
0.060363 1.195957 0.000076
0.574518 0 0.818492
0 0 0 0
9 0 0 0
1 0 0 0
0.061195 2.067314 -0.000298
0.574518 0 0.818492
0 0 0 0
9 0 0 0
1 0 0 0
0.049260 1.146120 0.007929
0.03148 0 0.999504
0 0 0 0
9 0 0 0
1 0 0 0
1.077812 1.188969 0.007929
-0.03148 0 0.999504
0 0 0 0
9 0 0 0
1 0 0 0
0.049260 1.188969 0.007929
0.03148 0 0.999504
0 0 0 0
9 0 0 0
1 0 0 0
1.077812 1.146120 0.007929
-0.03148 0 0.999504
0 0 0 0
9 0 0 0
1 0 0 0
1.125000 2.160000 0.007929
0 0 1
0 0 0 0
9 0 0 0
1 0 0 0
1.125000 0.000000 0.007929
0 0 1
0 0 0 0
9 0 0 0
1 0 0 0
0.049260 1.146120 0.007929
0.03148 0 0.999504
0 0 0 0
9 0 0 0
1 0 0 0
-0.000010 0.000000 0.007929
0 0 1
0 0 0 0
9 0 0 0
1 0 0 0
0.049260 0.365076 0.007929
0.007874 0.007874 0.999938
0 0 0 0
9 0 0 0
1 0 0 0
-0.000010 0.000000 0.007929
0 0 1
0 0 0 0
9 0 0 0
1 0 0 0
1.077812 0.365076 0.007929
-0.007874 0.007874 0.999938
0 0 0 0
9 0 0 0
1 0 0 0
0.049260 0.365076 0.007929
0.007874 0.007874 0.999938
0 0 0 0
9 0 0 0
1 0 0 0
1.125000 0.000000 0.007929
0 0 1
0 0 0 0
9 0 0 0
1 0 0 0
1.077812 0.365076 0.007929
-0.007874 0.007874 0.999938
0 0 0 0
9 0 0 0
1 0 0 0
1.125000 0.000000 0.007929
0 0 1
0 0 0 0
9 0 0 0
1 0 0 0
1.077812 1.146120 0.007929
-0.03148 0 0.999504
0 0 0 0
9 0 0 0
1 0 0 0
-0.000010 2.160000 0.007929
0 0 1
0 0 0 0
9 0 0 0
1 0 0 0
0.049260 1.146120 0.007929
0.03148 0 0.999504
0 0 0 0
9 0 0 0
1 0 0 0
0.049260 1.188969 0.007929
0.03148 0 0.999504
0 0 0 0
9 0 0 0
1 0 0 0
-0.000010 0.000000 0.007929
0 0 1
0 0 0 0
9 0 0 0
1 0 0 0
0.060363 1.139264 0.000076
0 -0.846233 0.532813
0 0 0 0
9 0 0 0
1 0 0 0
0.066192 1.137550 -0.009834
0 -0.998886 0.047191
0 0 0 0
9 0 0 0
1 0 0 0
1.066709 1.139264 0.000076
0 -0.846233 0.532813
0 0 0 0
9 0 0 0
1 0 0 0
1.060880 1.137550 -0.009834
0 -0.998886 0.047191
0 0 0 0
9 0 0 0
1 0 0 0
1.060880 0.381161 -0.009273
-0.864348 0 0.502894
0 0 0 0
9 0 0 0
1 0 0 0
1.065877 0.375624 -0.000298
-0.864348 0 0.502894
0 0 0 0
9 0 0 0
1 0 0 0
1.066709 1.139264 0.000076
-0.864348 0 0.502894
0 0 0 0
9 0 0 0
1 0 0 0
1.060880 1.137550 -0.009834
-0.864348 0 0.502894
0 0 0 0
9 0 0 0
1 0 0 0
0.060363 1.139264 0.000076
0.864348 0 0.502894
0 0 0 0
9 0 0 0
1 0 0 0
0.061195 0.375624 -0.000298
0.864348 0 0.502894
0 0 0 0
9 0 0 0
1 0 0 0
0.066192 0.381161 -0.009273
0.864348 0 0.502894
0 0 0 0
9 0 0 0
1 0 0 0
0.066192 1.137550 -0.009834
0.864348 0 0.502894
0 0 0 0
9 0 0 0
1 0 0 0
0.061195 0.375624 -0.000298
0 0.849762 0.527167
0 0 0 0
9 0 0 0
1 0 0 0
1.065877 0.375624 -0.000298
0 0.849762 0.527167
0 0 0 0
9 0 0 0
1 0 0 0
1.060880 0.381161 -0.009273
0 0.849762 0.527167
0 0 0 0
9 0 0 0
1 0 0 0
0.066192 0.381161 -0.009273
0 0.849762 0.527167
0 0 0 0
9 0 0 0
1 0 0 0
1.060880 0.381161 -0.042929
-0.867757 0 -0.496988
0 0 0 0
9 0 0 0
1 0 0 0
1.066571 1.139264 -0.052278
-0.864348 0 -0.502894
0 0 0 0
9 0 0 0
1 0 0 0
1.065877 0.375624 -0.051904
-0.867757 0 -0.496988
0 0 0 0
9 0 0 0
1 0 0 0
1.060880 1.137550 -0.042555
-0.867757 0 -0.496988
0 0 0 0
9 0 0 0
1 0 0 0
1.066571 1.139264 -0.052278
0 -0.849762 -0.527167
0 0 0 0
9 0 0 0
1 0 0 0
1.060880 1.137550 -0.042555
0 -0.998886 -0.047191
0 0 0 0
9 0 0 0
1 0 0 0
0.066192 1.137550 -0.042555
0 -0.998886 -0.047191
0 0 0 0
9 0 0 0
1 0 0 0
0.060363 1.139264 -0.052278
0 -0.849762 -0.527167
0 0 0 0
9 0 0 0
1 0 0 0
0.049260 1.146120 -0.060318
0 -0.763685 -0.645589
0 0 0 0
9 0 0 0
1 0 0 0
1.077812 1.146120 -0.060318
0 -0.763685 -0.645589
0 0 0 0
9 0 0 0
1 0 0 0
0.061195 0.375624 -0.051904
0 0.853282 -0.52145
0 0 0 0
9 0 0 0
1 0 0 0
0.066192 0.381161 -0.042929
0 0.853282 -0.52145
0 0 0 0
9 0 0 0
1 0 0 0
1.065877 0.375624 -0.051904
0 0.853282 -0.52145
0 0 0 0
9 0 0 0
1 0 0 0
1.060880 0.381161 -0.042929
0 0.853282 -0.52145
0 0 0 0
9 0 0 0
1 0 0 0
0.060363 1.139264 -0.052278
0.867757 0 -0.496988
0 0 0 0
9 0 0 0
1 0 0 0
0.066192 1.137550 -0.042555
0.867757 0 -0.496988
0 0 0 0
9 0 0 0
1 0 0 0
0.066192 0.381161 -0.042929
0.867757 0 -0.496988
0 0 0 0
9 0 0 0
1 0 0 0
0.061195 0.375624 -0.051904
0.864348 0 -0.502894
0 0 0 0
9 0 0 0
1 0 0 0
1.065877 0.375624 -0.051904
-0.583474 0 -0.812132
0 0 0 0
9 0 0 0
1 0 0 0
1.066571 1.139264 -0.052278
-0.583474 0 -0.812132
0 0 0 0
9 0 0 0
1 0 0 0
1.077812 0.365076 -0.060318
-0.007874 0.007874 -0.999938
0 0 0 0
9 0 0 0
1 0 0 0
1.077812 1.146120 -0.060318
-0.03148 0 -0.999504
0 0 0 0
9 0 0 0
1 0 0 0
0.049260 0.365076 -0.060318
0.007874 0.007874 -0.999938
0 0 0 0
9 0 0 0
1 0 0 0
0.061195 0.375624 -0.051904
0 0.623732 -0.781639
0 0 0 0
9 0 0 0
1 0 0 0
1.065877 0.375624 -0.051904
0 0.623732 -0.781639
0 0 0 0
9 0 0 0
1 0 0 0
1.077812 0.365076 -0.060318
-0.007874 0.007874 -0.999938
0 0 0 0
9 0 0 0
1 0 0 0
0.049260 0.365076 -0.060318
0.007874 0.007874 -0.999938
0 0 0 0
9 0 0 0
1 0 0 0
0.060363 1.139264 -0.052278
0.583474 0 -0.812132
0 0 0 0
9 0 0 0
1 0 0 0
0.061195 0.375624 -0.051904
0.583474 0 -0.812132
0 0 0 0
9 0 0 0
1 0 0 0
0.049260 1.146120 -0.060318
0.03148 0 -0.999504
0 0 0 0
9 0 0 0
1 0 0 0
1.065877 0.375624 -0.000298
-0.574518 0 0.818492
0 0 0 0
9 0 0 0
1 0 0 0
1.077812 0.365076 0.007929
-0.007874 0.007874 0.999938
0 0 0 0
9 0 0 0
1 0 0 0
1.066709 1.139264 0.000076
-0.574518 0 0.818492
0 0 0 0
9 0 0 0
1 0 0 0
1.077812 1.146120 0.007929
-0.03148 0 0.999504
0 0 0 0
9 0 0 0
1 0 0 0
1.077812 0.365076 0.007929
-0.007874 0.007874 0.999938
0 0 0 0
9 0 0 0
1 0 0 0
1.065877 0.375624 -0.000298
0 0.619899 0.784682
0 0 0 0
9 0 0 0
1 0 0 0
0.061195 0.375624 -0.000298
0 0.619899 0.784682
0 0 0 0
9 0 0 0
1 0 0 0
0.049260 0.365076 0.007929
0.007874 0.007874 0.999938
0 0 0 0
9 0 0 0
1 0 0 0
0.049260 0.365076 0.007929
0.007874 0.007874 0.999938
0 0 0 0
9 0 0 0
1 0 0 0
0.061195 0.375624 -0.000298
0.574518 0 0.818492
0 0 0 0
9 0 0 0
1 0 0 0
0.060363 1.139264 0.000076
0.574518 0 0.818492
0 0 0 0
9 0 0 0
1 0 0 0
0.049260 1.146120 0.007929
0.03148 0 0.999504
0 0 0 0
9 0 0 0
1 0 0 0
0.060363 1.139264 0.000076
0 -0.846233 0.532813
0 0 0 0
9 0 0 0
1 0 0 0
1.066709 1.139264 0.000076
0 -0.846233 0.532813
0 0 0 0
9 0 0 0
1 0 0 0
1.077812 1.146120 0.007929
0 -0.763685 0.645589
0 0 0 0
9 0 0 0
1 0 0 0
0.049260 1.146120 0.007929
0 -0.763685 0.645589
0 0 0 0
9 0 0 0
1 0 0 0
0.066192 0.381161 -0.009273
0 1 0
0 0 0 0
9 0 0 0
1 0 0 0
1.060880 0.381161 -0.009273
0 1 0
0 0 0 0
9 0 0 0
1 0 0 0
0.066192 0.381161 -0.042929
0 1 0
0 0 0 0
9 0 0 0
1 0 0 0
1.060880 0.381161 -0.042929
0 1 0
0 0 0 0
9 0 0 0
1 0 0 0
0.066192 0.381161 -0.009273
1 0 0
0 0 0 0
9 0 0 0
1 0 0 0
0.066192 0.381161 -0.042929
1 0 0
0 0 0 0
9 0 0 0
1 0 0 0
0.066192 1.137550 -0.009834
1 0 0
0 0 0 0
9 0 0 0
1 0 0 0
0.066192 1.137550 -0.042555
1 0 0
0 0 0 0
9 0 0 0
1 0 0 0
0.066192 1.137550 -0.009834
0 -0.998886 0.047191
0 0 0 0
9 0 0 0
1 0 0 0
0.066192 1.137550 -0.042555
0 -0.998886 -0.047191
0 0 0 0
9 0 0 0
1 0 0 0
1.060880 1.137550 -0.009834
0 -0.998886 0.047191
0 0 0 0
9 0 0 0
1 0 0 0
1.060880 1.137550 -0.042555
0 -0.998886 -0.047191
0 0 0 0
9 0 0 0
1 0 0 0
1.060880 0.381161 -0.042929
-1 0 0
0 0 0 0
9 0 0 0
1 0 0 0
1.060880 0.381161 -0.009273
-1 0 0
0 0 0 0
9 0 0 0
1 0 0 0
1.060880 1.137550 -0.009834
-1 0 0
0 0 0 0
9 0 0 0
1 0 0 0
1.060880 1.137550 -0.042555
-1 0 0
0 0 0 0
9 0 0 0
1 0 0 0
1.066709 1.195957 0.000076
-0.864348 0 0.502894
0 0 0 0
9 0 0 0
1 0 0 0
1.065877 2.067314 -0.000298
-0.864348 0 0.502894
0 0 0 0
9 0 0 0
1 0 0 0
1.060880 2.061776 -0.009460
-0.864348 0 0.502894
0 0 0 0
9 0 0 0
1 0 0 0
1.060880 1.197803 -0.009834
-0.864348 0 0.502894
0 0 0 0
9 0 0 0
1 0 0 0
1.066709 1.195957 0.000076
0 0.840412 0.541948
0 0 0 0
9 0 0 0
1 0 0 0
1.060880 1.197803 -0.009834
0 0.998485 0.055035
0 0 0 0
9 0 0 0
1 0 0 0
0.066192 1.197803 -0.009834
0 0.998485 0.055035
0 0 0 0
9 0 0 0
1 0 0 0
0.060363 1.195957 0.000076
0 0.840412 0.541948
0 0 0 0
9 0 0 0
1 0 0 0
0.049260 1.188969 0.007929
0 0.752577 0.658505
0 0 0 0
9 0 0 0
1 0 0 0
1.077812 1.188969 0.007929
0 0.752577 0.658505
0 0 0 0
9 0 0 0
1 0 0 0
0.061195 2.067314 -0.000298
0 -0.849762 0.527167
0 0 0 0
9 0 0 0
1 0 0 0
0.066192 2.061776 -0.009460
0 -0.849762 0.527167
0 0 0 0
9 0 0 0
1 0 0 0
1.060880 2.061776 -0.009460
0 -0.849762 0.527167
0 0 0 0
9 0 0 0
1 0 0 0
1.065877 2.067314 -0.000298
0 -0.849762 0.527167
0 0 0 0
9 0 0 0
1 0 0 0
0.060363 1.195957 0.000076
0.864348 0 0.502894
0 0 0 0
9 0 0 0
1 0 0 0
0.066192 1.197803 -0.009834
0.864348 0 0.502894
0 0 0 0
9 0 0 0
1 0 0 0
0.066192 2.061776 -0.009460
0.864348 0 0.502894
0 0 0 0
9 0 0 0
1 0 0 0
0.061195 2.067314 -0.000298
0.864348 0 0.502894
0 0 0 0
9 0 0 0
1 0 0 0
0.060363 1.195957 -0.052278
0 0.843986 -0.536365
0 0 0 0
9 0 0 0
1 0 0 0
0.066192 1.197803 -0.042555
0 0.998485 -0.055035
0 0 0 0
9 0 0 0
1 0 0 0
1.060880 1.197803 -0.042555
0 0.998485 -0.055035
0 0 0 0
9 0 0 0
1 0 0 0
1.066571 1.195957 -0.052278
0 0.843986 -0.536365
0 0 0 0
9 0 0 0
1 0 0 0
1.060880 2.061776 -0.042929
-0.867757 0 -0.496988
0 0 0 0
9 0 0 0
1 0 0 0
1.065877 2.067314 -0.051904
-0.867757 0 -0.496988
0 0 0 0
9 0 0 0
1 0 0 0
1.066571 1.195957 -0.052278
-0.867757 0 -0.496988
0 0 0 0
9 0 0 0
1 0 0 0
1.060880 1.197803 -0.042555
-0.867757 0 -0.496988
0 0 0 0
9 0 0 0
1 0 0 0
0.060363 1.195957 -0.052278
0.867757 0 -0.496988
0 0 0 0
9 0 0 0
1 0 0 0
0.061195 2.067314 -0.051904
0.867757 0 -0.496988
0 0 0 0
9 0 0 0
1 0 0 0
0.066192 2.061776 -0.042929
0.867757 0 -0.496988
0 0 0 0
9 0 0 0
1 0 0 0
0.066192 1.197803 -0.042555
0.867757 0 -0.496988
0 0 0 0
9 0 0 0
1 0 0 0
1.065877 2.067314 -0.051904
0 -0.849762 -0.527167
0 0 0 0
9 0 0 0
1 0 0 0
1.060880 2.061776 -0.042929
0 -0.849762 -0.527167
0 0 0 0
9 0 0 0
1 0 0 0
0.066192 2.061776 -0.042929
0 -0.849762 -0.527167
0 0 0 0
9 0 0 0
1 0 0 0
0.061195 2.067314 -0.051904
0 -0.849762 -0.527167
0 0 0 0
9 0 0 0
1 0 0 0
0.049260 2.078257 -0.060318
0.023604 -0.031472 -0.999226
0 0 0 0
9 0 0 0
1 0 0 0
0.061195 2.067314 -0.051904
0.583474 0 -0.812132
0 0 0 0
9 0 0 0
1 0 0 0
0.060363 1.195957 -0.052278
0.583474 0 -0.812132
0 0 0 0
9 0 0 0
1 0 0 0
0.049260 1.188969 -0.060318
0.03148 0 -0.999504
0 0 0 0
9 0 0 0
1 0 0 0
0.060363 1.195957 -0.052278
0 0.843986 -0.536365
0 0 0 0
9 0 0 0
1 0 0 0
1.066571 1.195957 -0.052278
0 0.843986 -0.536365
0 0 0 0
9 0 0 0
1 0 0 0
1.077812 1.188969 -0.060318
0 0.756469 -0.65403
0 0 0 0
9 0 0 0
1 0 0 0
0.049260 1.188969 -0.060318
0 0.756469 -0.65403
0 0 0 0
9 0 0 0
1 0 0 0
1.077812 2.078257 -0.060318
-0.023604 -0.031472 -0.999226
0 0 0 0
9 0 0 0
1 0 0 0
1.065877 2.067314 -0.051904
0 -0.615032 -0.788502
0 0 0 0
9 0 0 0
1 0 0 0
0.061195 2.067314 -0.051904
0 -0.615032 -0.788502
0 0 0 0
9 0 0 0
1 0 0 0
0.049260 2.078257 -0.060318
0.023604 -0.031472 -0.999226
0 0 0 0
9 0 0 0
1 0 0 0
1.065877 2.067314 -0.051904
-0.583474 0 -0.812132
0 0 0 0
9 0 0 0
1 0 0 0
1.077812 2.078257 -0.060318
-0.023604 -0.031472 -0.999226
0 0 0 0
9 0 0 0
1 0 0 0
1.066571 1.195957 -0.052278
-0.583474 0 -0.812132
0 0 0 0
9 0 0 0
1 0 0 0
1.077812 1.188969 -0.060318
-0.03148 0 -0.999504
0 0 0 0
9 0 0 0
1 0 0 0
1.065877 2.067314 -0.000298
-0.574518 0 0.818492
0 0 0 0
9 0 0 0
1 0 0 0
1.066709 1.195957 0.000076
-0.574518 0 0.818492
0 0 0 0
9 0 0 0
1 0 0 0
1.077812 2.078257 0.007929
-0.023609 -0.023609 0.999443
0 0 0 0
9 0 0 0
1 0 0 0
1.077812 1.188969 0.007929
-0.03148 0 0.999504
0 0 0 0
9 0 0 0
1 0 0 0
0.066192 1.197803 -0.042555
1 0 0
0 0 0 0
9 0 0 0
1 0 0 0
0.066192 2.061776 -0.042929
1 0 0
0 0 0 0
9 0 0 0
1 0 0 0
0.066192 1.197803 -0.009834
1 0 0
0 0 0 0
9 0 0 0
1 0 0 0
0.066192 2.061776 -0.009460
1 0 0
0 0 0 0
9 0 0 0
1 0 0 0
0.066192 1.197803 -0.009834
0 0.998485 0.055035
0 0 0 0
9 0 0 0
1 0 0 0
1.060880 1.197803 -0.009834
0 0.998485 0.055035
0 0 0 0
9 0 0 0
1 0 0 0
1.060880 1.197803 -0.042555
0 0.998485 -0.055035
0 0 0 0
9 0 0 0
1 0 0 0
0.066192 1.197803 -0.042555
0 0.998485 -0.055035
0 0 0 0
9 0 0 0
1 0 0 0
1.060880 1.197803 -0.042555
-1 0 0
0 0 0 0
9 0 0 0
1 0 0 0
1.060880 1.197803 -0.009834
-1 0 0
0 0 0 0
9 0 0 0
1 0 0 0
1.060880 2.061776 -0.042929
-1 0 0
0 0 0 0
9 0 0 0
1 0 0 0
1.060880 2.061776 -0.009460
-1 0 0
0 0 0 0
9 0 0 0
1 0 0 0
1.060880 2.061776 -0.042929
0 -1 0
0 0 0 0
9 0 0 0
1 0 0 0
1.060880 2.061776 -0.009460
0 -1 0
0 0 0 0
9 0 0 0
1 0 0 0
0.066192 2.061776 -0.009460
0 -1 0
0 0 0 0
9 0 0 0
1 0 0 0
0.066192 2.061776 -0.042929
0 -1 0
0 0 0 0
9 0 0 0
1 0 0 0
116
2 1 0
2 0 3
6 5 4
6 4 7
10 9 8
10 8 11
14 13 12
14 12 15
18 17 16
19 18 16
22 21 20
25 24 23
28 27 26
29 28 26
29 30 28
29 31 30
34 33 32
37 36 35
37 38 36
41 40 39
44 43 42
43 45 42
48 47 46
47 49 46
47 50 49
47 51 50
54 53 52
57 56 55
56 58 55
56 59 58
62 61 60
61 63 60
64 63 61
64 65 63
68 67 66
71 70 69
70 72 69
75 74 73
78 77 76
77 79 76
82 81 80
82 83 81
86 85 84
87 86 84
90 89 88
91 90 88
94 93 92
95 94 92
98 97 96
97 99 96
102 101 100
102 100 103
103 100 104
100 105 104
108 107 106
108 109 107
112 111 110
113 112 110
116 115 114
116 117 115
120 119 118
121 120 118
124 123 122
123 125 122
128 127 126
128 129 127
132 131 130
132 130 133
136 135 134
137 136 134
140 139 138
140 138 141
144 143 142
144 145 143
148 147 146
148 149 147
152 151 150
152 153 151
156 155 154
157 156 154
160 159 158
160 158 161
164 163 162
164 162 165
165 162 166
162 167 166
170 169 168
171 170 168
174 173 172
175 174 172
178 177 176
179 178 176
182 181 180
182 180 183
186 185 184
187 186 184
190 189 188
190 188 191
194 193 192
194 192 195
198 197 196
198 196 199
202 201 200
202 200 203
206 205 204
206 207 205
210 209 208
210 211 209
214 213 212
214 215 213
218 217 216
218 216 219
222 221 220
222 223 221
226 225 224
226 224 227
