109
root
-1
0.000000 0.945494 0.009869 -0.707107 0 0 0.707107
baby_carrier_ring_space
0
-0.139719 1.318977 0.074413 0 0 0 1
baby_carrier_ring
1
-0.139719 1.318977 0.074413 0 0 0 1
baby_carrier_front_01_01_space
0
-0.063808 1.326981 0.190685 -0.000001 0 0.000001 1
baby_carrier_front_01_01
3
-0.063808 1.326981 0.190685 -0.000001 0 0.000001 1
baby_carrier_front_01_02_space
0
-0.099987 1.239479 0.210826 0 0 0 1
baby_carrier_front_01_02
5
-0.099987 1.239479 0.210826 0 0 0 1
baby_carrier_front_01_03_space
0
-0.123857 1.156938 0.222297 0 0 0 1
baby_carrier_front_01_03
7
-0.123857 1.156938 0.222297 0 0 0 1
baby_carrier_front_01_04_space
0
-0.120559 1.075161 0.173182 0 0 0 1
baby_carrier_front_01_04
9
-0.120559 1.075161 0.173182 0 0 0 1
baby_carrier_front_02_01_space
0
0.010196 1.330490 0.229565 0 0 0 1
baby_carrier_front_02_01
11
0.010196 1.330490 0.229565 0 0 0 1
baby_carrier_front_02_02_space
0
-0.009068 1.230918 0.267314 0 0 0 1
baby_carrier_front_02_02
13
-0.009068 1.230918 0.267314 0 0 0 1
baby_carrier_front_02_03_space
0
-0.030002 1.124827 0.278068 0 0 0 1
baby_carrier_front_02_03
15
-0.030002 1.124827 0.278068 0 0 0 1
baby_carrier_front_02_04_space
0
-0.031314 1.034146 0.189879 0 0 0 1
baby_carrier_front_02_04
17
-0.031314 1.034146 0.189879 0 0 0 1
baby_carrier_front_03_01_space
0
0.099442 1.304974 0.199997 0 0 0 1
baby_carrier_front_03_01
19
0.099442 1.304974 0.199997 0 0 0 1
baby_carrier_front_03_02_space
0
0.087131 1.202967 0.234439 0 0 0 1
baby_carrier_front_03_02
21
0.087131 1.202967 0.234439 0 0 0 1
baby_carrier_front_03_03_space
0
0.073627 1.117493 0.228819 0 0 0 1
baby_carrier_front_03_03
23
0.073627 1.117493 0.228819 0 0 0 1
baby_carrier_front_03_04_space
0
0.060372 1.024536 0.176340 0 0 0 1
baby_carrier_front_03_04
25
0.060372 1.024536 0.176340 0 0 0 1
baby_carrier_front_04_01_space
0
0.154343 1.262392 0.137721 0 0 0 1
baby_carrier_front_04_01
27
0.154343 1.262392 0.137721 0 0 0 1
baby_carrier_front_04_02_space
0
0.145328 1.173851 0.137082 0 0 0 1
baby_carrier_front_04_02
29
0.145328 1.173851 0.137082 0 0 0 1
baby_carrier_front_04_03_space
0
0.131455 1.110073 0.138711 0 0 0 1
baby_carrier_front_04_03
31
0.131455 1.110073 0.138711 0 0 0 1
baby_carrier_front_04_04_space
0
0.145877 1.036994 0.139126 0 0 0 1
baby_carrier_front_04_04
33
0.145877 1.036994 0.139126 0 0 0 1
baby_carrier_back_01_01_space
0
-0.117969 1.399768 0.011135 0 0 0 1
baby_carrier_back_01_01
35
-0.117969 1.399768 0.011135 0 0 0 1
baby_carrier_back_01_02_space
0
-0.190700 1.373235 -0.012244 0 0 0 1
baby_carrier_back_01_02
37
-0.190700 1.373235 -0.012244 0 0 0 1
baby_carrier_back_01_03_space
0
-0.226408 1.309324 -0.023384 0 0 0 1
baby_carrier_back_01_03
39
-0.226408 1.309324 -0.023384 0 0 0 1
baby_carrier_back_02_01_space
0
-0.079474 1.410930 -0.049301 0 0 0 1
baby_carrier_back_02_01
41
-0.079474 1.410930 -0.049301 0 0 0 1
baby_carrier_back_02_02_space
0
-0.136064 1.353344 -0.075950 0 0 0 1
baby_carrier_back_02_02
43
-0.136064 1.353344 -0.075950 0 0 0 1
baby_carrier_back_02_03_space
0
-0.182368 1.285977 -0.079071 0 0 0 1
baby_carrier_back_02_03
45
-0.182368 1.285977 -0.079071 0 0 0 1
baby_carrier_back_03_01_space
0
0.001809 1.346302 -0.090137 0 0 0 1
baby_carrier_back_03_01
47
0.001809 1.346302 -0.090137 0 0 0 1
baby_carrier_back_03_02_space
0
-0.038620 1.286359 -0.110154 0 0 0 1
baby_carrier_back_03_02
49
-0.038620 1.286359 -0.110154 0 0 0 1
baby_carrier_back_03_03_space
0
-0.082281 1.225384 -0.104723 0 0 0 1
baby_carrier_back_03_03
51
-0.082281 1.225384 -0.104723 0 0 0 1
baby_carrier_back_04_01_space
0
0.083207 1.282534 -0.094027 0 0 0 1
baby_carrier_back_04_01
53
0.083207 1.282534 -0.094027 0 0 0 1
baby_carrier_back_04_02_space
0
0.054784 1.220207 -0.109144 0 0 0 1
baby_carrier_back_04_02
55
0.054784 1.220207 -0.109144 0 0 0 1
baby_carrier_back_04_03_space
0
0.016306 1.164763 -0.100926 0 0 0 1
baby_carrier_back_04_03
57
0.016306 1.164763 -0.100926 0 0 0 1
baby_carrier_back_05_01_space
0
0.153576 1.217694 -0.060375 0 0 0 1
baby_carrier_back_05_01
59
0.153576 1.217694 -0.060375 0 0 0 1
baby_carrier_back_05_02_space
0
0.129621 1.159101 -0.063600 0 0 0 1
baby_carrier_back_05_02
61
0.129621 1.159101 -0.063600 0 0 0 1
baby_carrier_back_05_03_space
0
0.111324 1.096413 -0.063885 0 0 0 1
baby_carrier_back_05_03
63
0.111324 1.096413 -0.063885 0 0 0 1
baby_carrier_back_06_01_space
0
0.176829 1.194344 0.021904 0 0 0 1
baby_carrier_back_06_01
65
0.176829 1.194344 0.021904 0 0 0 1
baby_carrier_back_06_02_space
0
0.163563 1.127565 0.021055 0 0 0 1
baby_carrier_back_06_02
67
0.163563 1.127565 0.021055 0 0 0 1
baby_carrier_back_06_03_space
0
0.156815 1.061168 0.023215 0 0 0 1
baby_carrier_back_06_03
69
0.156815 1.061168 0.023215 0 0 0 1
baby_carrier_spined
-1
0.000000 1.258627 0.001995 -0.707107 0 0 0.707107
baby_carrier_spinec
-1
0.000000 1.142435 0.006238 -0.707107 0 0 0.707107
baby_carrier_spineb
-1
0.000000 1.042753 0.012221 -0.707107 0 0 0.707107
baby_carrier_r_twist_04
-1
-0.277576 1.148163 -0.013632 0.610612 0.321351 0.643757 -0.330853
baby_carrier_r_twist_03_offset
-1
-0.234645 1.209378 -0.010056 0.610612 0.321351 0.643757 -0.330853
baby_carrier_l_twist_03_offset
-1
0.234645 1.209378 -0.010056 0.330853 0.643757 -0.321351 0.610612
baby_carrier_r_twist_02_offset
-1
-0.188180 1.275631 -0.006186 0.610612 0.321351 0.643757 -0.330853
baby_carrier_l_twist_02_offset
-1
0.188132 1.275700 -0.006182 0.330853 0.643757 -0.321351 0.610612
baby_carrier_r_twist_01_offset
-1
-0.151934 1.327315 -0.003167 0.610612 0.321351 0.643757 -0.330853
baby_carrier_l_twist_01_offset
-1
0.151930 1.327320 -0.003166 0.330853 0.643757 -0.321351 0.610612
baby_carrier_r_twist_00
-1
-0.083605 1.334337 0.007560 0.648529 0.014567 0.760949 -0.012415
baby_carrier_l_twist_00
-1
0.083605 1.334337 0.007560 0.012415 0.76095 -0.014567 0.648529
baby_carrier_r_tricep_helper
-1
-0.219806 1.246510 -0.045328 0.626562 0.353634 0.621445 -0.310112
baby_carrier_r_trap_helper
-1
-0.121971 1.422965 -0.017629 0.03037 0.44222 -0.079355 0.892873
baby_carrier_l_trap_helper
-1
0.121970 1.422965 -0.017629 0.03037 0.44222 -0.079356 0.892873
baby_carrier_r_trap_fix_helper
-1
-0.058935 1.423494 0.001995 0.707107 0 0.707107 0
baby_carrier_r_shoulder_rear_helper
-1
-0.160047 1.303805 -0.089109 -0.0243 0.00063 0.991103 -0.130861
baby_carrier_l_shoulder_rear_helper
-1
0.160043 1.303817 -0.089108 0.130862 0.991103 -0.00063 -0.024301
baby_carrier_r_shoulder_front_helper
-1
-0.161786 1.316268 0.074111 -0.123422 -0.029832 0.895873 0.425781
baby_carrier_l_shoulder_front_helper
-1
0.161782 1.316280 0.074111 -0.425781 0.895872 0.029832 -0.123423
baby_carrier_r_scapula_helper
-1
-0.120378 1.365926 -0.051871 0.408819 0.801153 -0.367416 0.236697
baby_carrier_l_scapula_helper
-1
0.120378 1.365925 -0.051871 0.408819 0.801153 -0.367416 0.236697
baby_carrier_r_neck_8
-1
-0.036543 1.444008 -0.020232 -0.16615 -0.418817 0.517295 0.727594
baby_carrier_r_lat_helper
-1
-0.145702 1.205112 0.000240 -0.011136 0.968813 -0.025346 -0.246241
baby_carrier_l_lat_helper
-1
0.145702 1.205112 0.000240 -0.011136 0.968813 -0.025346 -0.246242
baby_carrier_r_deltoid_helper
-1
-0.205778 1.352730 -0.020138 0.106056 -0.060547 0.980271 -0.155419
baby_carrier_r_clavicle
-1
-0.018427 1.336865 0.018023 0.707107 0 0.707107 0
baby_carrier_l_clavicle
-1
0.018427 1.336865 0.018023 0 0.707107 0 0.707107
baby_carrier_r_chest_helper
-1
-0.100383 1.286511 0.105192 0.622942 -0.071154 0.757782 -0.180684
baby_carrier_l_chest_helper
-1
0.100383 1.286511 0.105192 0.180684 0.757782 0.071154 0.622942
baby_carrier_pelvis
-1
0.000000 0.945494 0.009869 -0.707107 0 0 0.707107
baby_carrier_m_twist_05
-1
0.000000 1.401697 0.004499 -0.604029 0 0 0.796963
baby_carrier_m_twist_03
-1
0.000000 1.142435 0.006238 -0.719894 0 0 0.694084
baby_carrier_m_twist_02
-1
0.000000 1.042753 0.012221 -0.727979 0 0 0.685599
baby_carrier_m_twist_01
-1
0.000000 0.945494 0.009869 -0.698507 0 0 0.715603
baby_carrier_m_roll_02
-1
0.000000 1.258627 0.001995 -0.707107 0 0 0.707107
baby_carrier_m_neck_4
-1
-0.005294 1.426178 -0.040065 -0.362976 0.639845 -0.347843 0.58125
baby_carrier_l_twist_04_offset
-1
0.277576 1.148163 -0.013632 0.330853 0.643757 -0.321351 0.610612
